mini_russell_date,mini_russell_time,mini_russell_open,mini_russell_high,mini_russell_close,mini_russell_low,mini_russell_volume,predict
2019-12-04,19:59:00,1613.6,1616.6,1613.9,1611.8,1125,0
2019-12-04,20:59:00,1613.9,1614.6,1613.1,1613.1,325,0
2019-12-04,21:59:00,1613.2,1613.5,1613.4,1612.5,332,0
2019-12-04,22:59:00,1613.5,1614.4,1613.7,1613.3,293,0
2019-12-04,23:59:00,1613.7,1614.1,1612.8,1612.6,239,0
2019-12-05,00:59:00,1612.8,1615,1615,1612.8,290,0
2019-12-05,01:59:00,1615.1,1618,1617.8,1614.1,1594,0
2019-12-05,02:59:00,1617.9,1618.1,1616.8,1615.1,1526,0
2019-12-05,03:59:00,1616.8,1618,1618,1614.8,797,0
2019-12-05,04:59:00,1618,1621.5,1619.9,1616.9,1708,0
2019-12-05,05:59:00,1619.8,1622,1620.4,1619.5,1126,0
2019-12-05,06:59:00,1620.4,1621.3,1619.7,1619.4,1299,0
2019-12-05,07:59:00,1619.7,1620,1619,1617.6,2189,0
2019-12-05,08:59:00,1618.9,1622.7,1616.5,1616,14095,0
2019-12-05,09:59:00,1616.5,1618.5,1617.5,1610.9,16174,0
2019-12-05,10:59:00,1617.6,1619.5,1616.1,1615.6,9084,0
2019-12-05,11:59:00,1616.1,1617.8,1613.5,1613.1,6993,0
2019-12-05,12:59:00,1613.4,1616.1,1613.5,1613,5869,0
2019-12-05,13:59:00,1613.5,1615.7,1612.6,1610.6,8933,0
2019-12-05,14:59:00,1612.5,1616.7,1615.3,1611.9,13542,0
2019-12-05,15:59:00,1615.2,1617.4,1617.2,1614.8,13157,0
2019-12-05,16:00:00,1617.3,1617.4,1617.3,1617.2,28,0
2019-12-05,17:59:00,1617,1617.9,1617.5,1616.3,510,0
2019-12-05,18:59:00,1617.5,1619.9,1619.7,1617.5,680,0
2019-12-05,19:58:00,1619.5,1620,1619.5,1618.4,497,0
2019-12-05,20:59:00,1619.4,1619.6,1617.6,1617.4,294,0
2019-12-05,21:58:00,1617.5,1619.1,1618.7,1617.5,182,0
2019-12-05,22:59:00,1618.9,1619.1,1618.7,1618.6,137,0
2019-12-05,23:59:00,1618.8,1619.1,1618.3,1617.9,185,0
2019-12-06,00:59:00,1618.2,1622.3,1620.5,1618.2,661,0
2019-12-06,01:59:00,1620.5,1620.9,1620.4,1619.6,449,0
2019-12-06,02:59:00,1620.4,1621,1619.9,1618.4,1131,0
2019-12-06,03:59:00,1619.8,1621,1620.7,1619.6,727,0
2019-12-06,04:59:00,1620.6,1621.1,1619.9,1619.2,817,0
2019-12-06,05:59:00,1620,1621.4,1621.3,1619.8,725,0
2019-12-06,06:59:00,1621.3,1621.4,1620.2,1619.2,965,0
2019-12-06,07:59:00,1620.3,1632.2,1630.4,1616.8,11396,0
2019-12-06,08:59:00,1630.4,1637.2,1635.9,1630,18804,0
2019-12-06,09:59:00,1635.9,1640.3,1639.1,1635.2,20948,0
2019-12-06,10:59:00,1639.1,1639.6,1637.6,1636.6,9446,0
2019-12-06,11:59:00,1637.6,1637.8,1636.5,1635.5,7699,0
2019-12-06,12:59:00,1636.4,1636.8,1634.2,1633.9,6463,0
2019-12-06,13:59:00,1634.3,1636.4,1635.6,1633.4,6048,0
2019-12-06,14:59:00,1635.7,1636.9,1634,1633.3,16490,0
2019-12-06,15:59:00,1634,1636.7,1636.3,1633.6,14791,0
2019-12-06,16:00:00,1636.2,1636.7,1636.7,1636.1,32,0
2019-12-08,17:58:00,1636.6,1637.7,1635.9,1635.9,546,0
2019-12-08,18:59:00,1635.9,1636,1632.5,1631.7,1164,0
2019-12-08,19:59:00,1632.7,1633.3,1632,1631.7,781,0
2019-12-08,20:59:00,1631.8,1633.7,1633.3,1631.8,400,0
2019-12-08,21:59:00,1633.2,1633.3,1632.4,1632,255,0
2019-12-08,22:59:00,1632.4,1632.6,1632.3,1632,180,0
2019-12-08,23:58:00,1632.3,1632.5,1632.2,1631.7,228,0
2019-12-09,00:59:00,1632.1,1634.1,1633.7,1631.9,539,0
2019-12-09,01:59:00,1633.8,1634.2,1633.9,1633,423,0
2019-12-09,02:59:00,1633.9,1634.2,1632.5,1632.5,1111,0
2019-12-09,03:59:00,1632.5,1632.6,1632.3,1630.7,807,0
2019-12-09,04:59:00,1632.3,1633.3,1633.3,1631.8,651,0
2019-12-09,05:59:00,1633.2,1633.4,1631.7,1631.3,676,0
2019-12-09,06:59:00,1631.7,1633.7,1633.2,1631.7,753,0
2019-12-09,07:59:00,1633.2,1633.8,1632.9,1632.5,1711,0
2019-12-09,08:59:00,1633,1636.9,1635.7,1631.9,13245,0
2019-12-09,09:59:00,1635.7,1637.8,1637,1634.7,10094,0
2019-12-09,10:59:00,1637.1,1637.3,1633.7,1633.7,6525,0
2019-12-09,11:59:00,1633.7,1636,1633.7,1632.9,5869,0
2019-12-09,12:59:00,1633.8,1634.5,1633.7,1632.4,3997,0
2019-12-09,13:59:00,1633.7,1634.1,1632.9,1630.9,5880,0
2019-12-09,14:59:00,1632.9,1633.8,1631.6,1631.3,12410,0
2019-12-09,15:59:00,1631.5,1631.6,1629.4,1628.6,17094,0
2019-12-09,16:00:00,1629.6,1629.7,1629.7,1629.6,11,0
2019-12-09,17:59:00,1630,1631.3,1630.5,1629.6,447,0
2019-12-09,18:59:00,1630.6,1631.5,1630.9,1629.9,509,0
2019-12-09,19:59:00,1630.9,1631.2,1630.6,1629.6,486,0
2019-12-09,20:58:00,1630.5,1632.2,1631.7,1630.2,435,0
2019-12-09,21:59:00,1632,1632.3,1631.8,1631.4,140,0
2019-12-09,22:59:00,1631.6,1631.7,1630.9,1630.9,190,0
2019-12-09,23:59:00,1630.8,1631.5,1631.3,1630.8,178,0
2019-12-10,00:59:00,1631.2,1632.1,1630.8,1630.7,411,0
2019-12-10,01:58:00,1630.7,1631.8,1631.3,1630.6,277,0
2019-12-10,02:59:00,1631.1,1631.2,1623.5,1622.7,1965,0
2019-12-10,03:59:00,1623.4,1624,1622.8,1621.7,1295,0
2019-12-10,04:59:00,1622.7,1625.5,1624.6,1622.5,850,0
2019-12-10,05:59:00,1624.6,1624.6,1623.5,1619.1,1720,0
2019-12-10,06:59:00,1623.5,1624,1623.3,1622.4,973,0
2019-12-10,07:59:00,1623.2,1634.4,1631.3,1623,7396,0
2019-12-10,08:59:00,1631.4,1632,1629.9,1625.6,12690,0
2019-12-10,09:59:00,1630,1635.3,1634.2,1629.4,13444,0
2019-12-10,10:59:00,1634.3,1636,1632.4,1631.6,9639,0
2019-12-10,11:59:00,1632.5,1633.6,1632.7,1631.1,5456,0
2019-12-10,12:59:00,1632.6,1633.4,1632,1631.5,4110,0
2019-12-10,13:59:00,1632.1,1633.1,1631.9,1631.6,4875,0
2019-12-10,14:59:00,1631.9,1632.4,1631.3,1627.6,12980,0
2019-12-10,15:59:00,1631.4,1634.1,1634,1631.4,9660,0
2019-12-10,16:00:00,1634.1,1634.3,1634.3,1634,10,0
2019-12-10,17:59:00,1633.9,1634.9,1632.4,1632.3,665,0
2019-12-10,18:59:00,1632.5,1633.4,1631.1,1630.5,509,0
2019-12-10,19:59:00,1631.1,1631.5,1630.8,1629.8,721,0
2019-12-10,20:58:00,1630.7,1631.8,1631.8,1630.7,195,0
2019-12-10,21:59:00,1631.8,1632.6,1632.6,1631.3,230,0
2019-12-10,22:59:00,1632.4,1633,1632.1,1632,178,0
2019-12-10,23:59:00,1632.1,1633.4,1633.3,1632,210,0
2019-12-11,00:59:00,1633.3,1633.9,1633.6,1632.7,186,0
2019-12-11,01:59:00,1633.7,1634,1632.8,1632.1,309,0
2019-12-11,02:59:00,1632.7,1637.6,1632.1,1631.3,1872,0
2019-12-11,03:59:00,1631.9,1633.4,1632.7,1630.8,890,0
2019-12-11,04:59:00,1632.8,1633.7,1632.2,1631,938,0
2019-12-11,05:59:00,1632.3,1633.8,1633.8,1631.6,530,0
2019-12-11,06:59:00,1633.9,1635.3,1634.8,1633.6,926,0
2019-12-11,07:59:00,1634.9,1636.5,1635.6,1634.4,1723,0
2019-12-11,08:59:00,1635.7,1636.6,1634,1632,11332,0
2019-12-11,09:59:00,1634,1637.2,1628.5,1628.4,12314,0
2019-12-11,10:59:00,1628.5,1630.6,1628.7,1625.4,7100,0
2019-12-11,11:59:00,1628.7,1629.9,1629,1628.2,3538,0
2019-12-11,12:59:00,1629,1630.3,1630.1,1628.5,3775,0
2019-12-11,13:59:00,1630,1634.4,1634,1630,10099,0
2019-12-11,14:59:00,1634.1,1634.5,1632.2,1630.3,13732,0
2019-12-11,15:59:00,1632.1,1635.1,1634.9,1631.5,9738,0
2019-12-11,16:00:00,1634.8,1634.9,1634.9,1634.8,15,0
2019-12-11,17:58:00,1635,1636,1635.8,1634.2,536,0
2019-12-11,18:59:00,1635.9,1636,1634.7,1634,460,0
2019-12-11,19:59:00,1634.8,1636.3,1635.9,1634.4,375,0
2019-12-11,20:59:00,1635.9,1636.7,1635.9,1635.5,340,0
2019-12-11,21:59:00,1636,1636,1635.9,1635.3,259,0
2019-12-11,22:59:00,1635.9,1636.1,1636,1635.6,76,0
2019-12-11,23:59:00,1636,1636,1635.4,1635.4,149,0
2019-12-12,00:59:00,1635.4,1636.6,1636.4,1635.2,174,0
2019-12-12,01:59:00,1636.3,1636.6,1636.1,1635.6,496,0
2019-12-12,02:59:00,1636.1,1638.2,1638,1635.9,1267,0
2019-12-12,03:59:00,1638.1,1639.1,1638.4,1636.5,902,0
2019-12-12,04:59:00,1638.4,1638.6,1635.7,1635,903,0
2019-12-12,05:59:00,1635.7,1636.4,1636.1,1635.1,600,0
2019-12-12,06:59:00,1636.1,1636.3,1634.2,1634.1,823,0
2019-12-12,07:59:00,1634.3,1634.7,1632.9,1630.6,3280,0
2019-12-12,08:59:00,1632.7,1645.4,1644.9,1628.2,20357,0
2019-12-12,09:59:00,1644.9,1657.1,1650.8,1644.9,27925,0
2019-12-12,10:59:00,1650.8,1651,1642,1638.8,15271,0
2019-12-12,11:59:00,1642,1644.1,1642.1,1637.1,9719,0
2019-12-12,12:59:00,1642.1,1643.9,1640.8,1639.7,5984,0
2019-12-12,13:59:00,1640.8,1649,1646.2,1639.2,19113,0
2019-12-12,14:59:00,1646.3,1649.5,1645.7,1645.7,13585,0
2019-12-12,15:59:00,1645.7,1647.5,1646.8,1642.6,11284,0
2019-12-12,16:00:00,1646.7,1647.6,1646.8,1646.7,25,0
2019-12-12,17:59:00,1651.6,1657.8,1657.4,1651.6,947,0
2019-12-12,18:59:00,1657.3,1657.8,1657.1,1654.6,908,0
2019-12-12,19:59:00,1656.9,1657.7,1656.5,1656.3,416,0
2019-12-12,20:59:00,1656.6,1657.4,1656.6,1656.2,286,0
2019-12-12,21:59:00,1656.7,1658.8,1655.6,1655.5,560,0
2019-12-12,22:59:00,1655.9,1656.5,1656.2,1655.9,189,0
2019-12-12,23:59:00,1656,1657.3,1656.5,1655.5,234,0
2019-12-13,00:59:00,1656.6,1657.5,1656.8,1655.7,245,0
2019-12-13,01:59:00,1656.8,1657.8,1657.5,1655.1,933,0
2019-12-13,02:59:00,1657.3,1658.6,1657.9,1655.7,1735,0
2019-12-13,03:59:00,1657.8,1658.6,1657.5,1656.7,861,0
2019-12-13,04:59:00,1657.6,1660.2,1659.5,1657.5,881,0
2019-12-13,05:59:00,1659.2,1659.2,1657.2,1656.4,714,0
2019-12-13,06:59:00,1657.1,1657.9,1650.7,1647.4,2231,0
2019-12-13,07:59:00,1650.7,1655.7,1652.5,1648,4279,0
2019-12-13,08:59:00,1652.6,1653.7,1646.9,1641.2,19887,0
2019-12-13,09:59:00,1646.9,1657.1,1639.9,1639.3,20607,0
2019-12-13,10:59:00,1639.8,1643.4,1641.5,1634.2,13620,0
2019-12-13,11:59:00,1641.5,1643.6,1642.4,1639.7,9919,0
2019-12-13,12:59:00,1642.4,1644.4,1640.8,1640.3,6464,0
2019-12-13,13:59:00,1640.9,1641.5,1640,1638.5,4127,0
2019-12-13,14:59:00,1640,1642.1,1641.9,1637.9,9440,0
2019-12-13,15:59:00,1641.9,1644.5,1644.3,1641.5,12476,0
2019-12-13,16:00:00,1644.3,1644.3,1644.3,1643.9,25,0
2019-12-15,17:58:00,1645.5,1648.5,1645.7,1644.8,505,0
2019-12-15,18:59:00,1645.5,1647.1,1646.8,1645.4,188,0
2019-12-15,19:59:00,1646.6,1647.6,1647.2,1646.1,319,0
2019-12-15,20:58:00,1647.2,1648.6,1647.7,1647.1,336,0
2019-12-15,21:59:00,1647.7,1648.7,1648.5,1647.6,187,0
2019-12-15,22:55:00,1648.5,1648.9,1648.5,1648.2,103,0
2019-12-15,23:59:00,1648.5,1648.5,1647.8,1647.8,172,0
2019-12-16,00:59:00,1647.8,1649.5,1648.7,1647,349,0
2019-12-16,01:59:00,1648.7,1649.5,1648.6,1648.2,446,0
2019-12-16,02:59:00,1648.6,1651.7,1650.6,1648.5,1917,0
2019-12-16,03:59:00,1650.7,1651,1651,1649.1,645,0
2019-12-16,04:59:00,1651.1,1651.8,1651.3,1649.9,695,0
2019-12-16,05:59:00,1651.3,1653.7,1653,1651.3,938,0
2019-12-16,06:59:00,1653,1654.8,1654.3,1652.5,996,0
2019-12-16,07:59:00,1654.3,1657.4,1657.4,1653.4,2460,0
2019-12-16,08:59:00,1657.3,1659.8,1655.4,1654.6,13624,0
2019-12-16,09:59:00,1655.4,1663.8,1661.7,1654.2,12608,0
2019-12-16,10:59:00,1661.8,1664.2,1662.6,1660.6,7177,0
2019-12-16,11:59:00,1662.7,1663.8,1662.5,1661.8,4166,0
2019-12-16,12:59:00,1662.5,1662.6,1661.5,1661,3227,0
2019-12-16,13:59:00,1661.5,1661.7,1658.1,1657.3,5318,0
2019-12-16,14:59:00,1658.1,1658.2,1653.9,1653.6,13113,0
2019-12-16,15:59:00,1653.8,1657.7,1656.1,1653.5,10434,0
2019-12-16,16:00:00,1656,1656.2,1656,1655.9,35,0
2019-12-16,17:58:00,1655.9,1656.4,1654.6,1654.5,382,0
2019-12-16,18:59:00,1654.6,1654.9,1654,1653.4,396,0
2019-12-16,19:59:00,1653.9,1655,1654.2,1653.8,371,0
2019-12-16,20:59:00,1654.1,1655.3,1655.1,1653.4,255,0
2019-12-16,21:59:00,1655,1655.8,1655.5,1654.8,306,0
2019-12-16,22:59:00,1655.5,1656.4,1655.5,1655.3,233,0
2019-12-16,23:59:00,1655.6,1657,1656.8,1655.5,354,0
2019-12-17,00:59:00,1656.8,1657,1656.1,1656,384,0
2019-12-17,01:59:00,1656.1,1657.6,1657.6,1655.9,631,0
2019-12-17,02:59:00,1657.3,1657.4,1654.8,1653.3,1117,0
2019-12-17,03:59:00,1654.8,1655.1,1654,1653.2,691,0
2019-12-17,04:59:00,1654.4,1654.4,1652.6,1651.1,757,0
2019-12-17,05:59:00,1652.4,1653.9,1653.6,1651.6,723,0
2019-12-17,06:59:00,1653.5,1656.3,1655.5,1653.5,1091,0
2019-12-17,07:59:00,1655.4,1658.5,1656.6,1654.4,1908,0
2019-12-17,08:59:00,1656.7,1658.3,1653.3,1652.6,11377,0
2019-12-17,09:59:00,1653.3,1657.1,1654.2,1653.1,9037,0
2019-12-17,10:59:00,1654.2,1656.1,1656,1653.1,6821,0
2019-12-17,11:59:00,1656.1,1658.6,1658.5,1655.4,4785,0
2019-12-17,12:59:00,1658.5,1659.6,1658.8,1657.8,4286,0
2019-12-17,13:59:00,1658.9,1660.4,1660.1,1657.9,4868,0
2019-12-17,14:59:00,1660,1660.9,1660.5,1657.8,15862,0
2019-12-17,15:59:00,1660.4,1661.3,1660.1,1659.2,12917,0
2019-12-17,16:00:00,1660,1660.1,1659.7,1659.7,24,0
2019-12-17,17:59:00,1659.1,1661,1660.3,1659.1,426,0
2019-12-17,18:59:00,1660.3,1660.6,1660,1659.7,350,0
2019-12-17,19:58:00,1660,1661.2,1660.9,1659.7,266,0
2019-12-17,20:59:00,1660.7,1661.2,1659.8,1659.5,200,0
2019-12-17,21:59:00,1659.8,1660.5,1660.4,1659.8,125,0
2019-12-17,22:59:00,1660.4,1660.9,1660.2,1660.2,116,0
2019-12-17,23:58:00,1660.2,1661,1660.6,1660,85,0
2019-12-18,00:59:00,1660.5,1660.5,1659.5,1659,218,0
2019-12-18,01:59:00,1659.5,1660.5,1660.1,1658.7,391,0
2019-12-18,02:59:00,1660.1,1662.3,1661.6,1659.6,1227,0
2019-12-18,03:59:00,1661.6,1663,1662.4,1661.1,833,0
2019-12-18,04:58:00,1662.5,1663.7,1663.4,1662.4,585,0
2019-12-18,05:59:00,1663.4,1663.4,1662.6,1662.2,643,0
2019-12-18,06:59:00,1662.7,1663.5,1662.9,1661.4,1055,0
2019-12-18,07:59:00,1662.9,1664.3,1662.6,1662.3,1828,0
2019-12-18,08:59:00,1662.6,1665.5,1661.1,1660.6,13092,0
2019-12-18,09:59:00,1661.1,1661.7,1660.8,1658.3,13309,0
2019-12-18,10:59:00,1660.7,1664.4,1663.2,1659.6,9145,0
2019-12-18,11:59:00,1663.1,1665.3,1665.1,1663.1,4034,0
2019-12-18,12:59:00,1665.2,1666.5,1665.8,1664.7,4814,0
2019-12-18,13:59:00,1665.7,1669,1668.4,1665.3,6611,0
2019-12-18,14:59:00,1668.3,1668.6,1666.6,1666.2,12801,0
2019-12-18,15:59:00,1666.6,1668.8,1668.1,1665.6,14107,0
2019-12-18,16:00:00,1668.1,1668.1,1668,1668,11,0
2019-12-18,17:58:00,1668,1668.6,1667.5,1667.1,608,0
2019-12-18,18:59:00,1667.6,1669.3,1668.6,1667.2,451,0
2019-12-18,19:59:00,1668.6,1668.9,1667.1,1666.7,437,0
2019-12-18,20:59:00,1667.1,1667.5,1666.2,1665.7,692,0
2019-12-18,21:59:00,1666.2,1666.9,1666.4,1665.5,752,0
2019-12-18,22:59:00,1666.4,1666.7,1665.8,1665.8,202,0
2019-12-18,23:59:00,1665.8,1666.6,1666.5,1665.7,187,0
2019-12-19,00:58:00,1666.5,1667.3,1667.2,1666.4,246,0
2019-12-19,01:59:00,1667.2,1667.5,1667.4,1666.6,473,0
2019-12-19,02:59:00,1667.5,1668.5,1666.9,1665.7,907,0
2019-12-19,03:59:00,1667,1668.6,1668.1,1667,834,0
2019-12-19,04:59:00,1668.2,1668.7,1668.4,1666.8,757,0
2019-12-19,05:59:00,1668.5,1668.7,1667.8,1667.5,359,0
2019-12-19,06:59:00,1667.7,1668.3,1666.4,1665.9,889,0
2019-12-19,07:59:00,1666.4,1667.4,1666.9,1665.2,2075,0
2019-12-19,08:59:00,1667,1668.8,1667.3,1664.8,11925,0
2019-12-19,09:59:00,1667.2,1669.8,1668.6,1665.1,13246,0
2019-12-19,10:59:00,1668.7,1670.5,1669.4,1668,8455,0
2019-12-19,11:59:00,1669.4,1671.2,1669.1,1668.9,5654,0
2019-12-19,12:59:00,1669.1,1670.8,1670.7,1669,5332,0
2019-12-19,13:59:00,1670.7,1671.5,1670.8,1670.5,6305,0
2019-12-19,14:59:00,1670.9,1671.6,1671.4,1670,12148,0
2019-12-19,15:59:00,1671.4,1674.2,1673.8,1671.4,12442,0
2019-12-19,16:00:00,1673.7,1673.7,1673.5,1673.4,19,0
2019-12-19,17:59:00,1673.4,1674.2,1673.4,1672.5,566,0
2019-12-19,18:59:00,1673.5,1673.8,1673,1672.6,474,0
2019-12-19,19:59:00,1673.1,1673.4,1673.4,1672.3,539,0
2019-12-19,20:59:00,1673.3,1673.4,1673.1,1672.6,257,0
2019-12-19,21:59:00,1673.2,1673.5,1673.2,1672.9,289,0
2019-12-19,22:59:00,1673.1,1673.2,1672.6,1672.5,184,0
2019-12-19,23:59:00,1672.5,1672.8,1672.6,1672.3,238,0
2019-12-20,00:59:00,1672.6,1672.6,1671.8,1671.6,309,0
2019-12-20,01:59:00,1671.7,1672.4,1672.3,1671.4,484,0
2019-12-20,02:59:00,1672.4,1674,1673.7,1671.8,1445,0
2019-12-20,03:59:00,1673.6,1673.6,1672.5,1671.9,901,0
2019-12-20,04:59:00,1672.4,1674.6,1674.2,1672.3,1439,0
2019-12-20,05:59:00,1674.2,1675.5,1674.6,1674,787,0
2019-12-20,06:59:00,1674.7,1674.9,1674.9,1673.5,881,0
2019-12-20,07:59:00,1674.9,1676,1675.9,1674,2225,0
2019-12-20,08:59:00,1676,1679.1,1674,1673.6,19318,0
2019-12-20,09:59:00,1674,1678.1,1677.7,1672.9,13640,0
2019-12-20,10:59:00,1677.7,1679.7,1677.2,1676.9,8732,0
2019-12-20,11:59:00,1677.1,1677.8,1676.9,1676.5,6709,0
2019-12-20,12:59:00,1676.9,1676.9,1675.7,1675.2,5642,0
2019-12-20,13:59:00,1675.7,1676.2,1675.5,1674.6,5307,0
2019-12-20,14:59:00,1675.6,1676,1675.5,1673.7,16845,0
2019-12-20,15:59:00,1675.5,1676.8,1672.6,1672.5,21793,0
2019-12-20,16:00:00,1672.6,1672.7,1672.7,1672.5,42,0
2019-12-22,17:59:00,1673.8,1675.5,1675.1,1673.1,888,0
2019-12-22,18:59:00,1675.2,1675.3,1674.7,1674,522,0
2019-12-22,19:58:00,1674.7,1675.3,1675.1,1674.3,549,0
2019-12-22,20:59:00,1674.9,1675.2,1674.2,1674.2,253,0
2019-12-22,21:59:00,1674.3,1675.7,1675.3,1674.1,536,0
2019-12-22,22:59:00,1675.3,1675.7,1675.4,1675.1,168,0
2019-12-22,23:59:00,1675.3,1675.4,1675.2,1675.1,229,0
2019-12-23,00:58:00,1675.1,1675.3,1674.2,1674.2,255,0
2019-12-23,01:59:00,1674.3,1674.8,1674.4,1674,526,0
2019-12-23,02:59:00,1674.3,1674.8,1673.9,1673.8,1291,0
2019-12-23,03:59:00,1673.9,1675.1,1674.4,1673.6,489,0
2019-12-23,04:59:00,1674.3,1675,1674.6,1674.2,429,0
2019-12-23,05:59:00,1674.7,1676.2,1676.2,1674.6,537,0
2019-12-23,06:59:00,1676.2,1677.8,1676.8,1675.9,1252,0
2019-12-23,07:59:00,1676.7,1677.4,1676,1675.9,1206,0
2019-12-23,08:59:00,1676.1,1677.8,1670.5,1667.8,17343,0
2019-12-23,09:59:00,1670.5,1672.1,1671.4,1669.3,11149,0
2019-12-23,10:59:00,1671.4,1674.9,1674.6,1671.4,9359,0
2019-12-23,11:59:00,1674.6,1675.3,1674.5,1673.7,5262,0
2019-12-23,12:59:00,1674.6,1676.3,1676.1,1674.5,4926,0
2019-12-23,13:59:00,1676.1,1677.8,1677.5,1676,4798,0
2019-12-23,14:59:00,1677.6,1677.7,1675.3,1674.9,12297,0
2019-12-23,15:59:00,1675.3,1677.6,1677.2,1675.3,8525,0
2019-12-23,16:00:00,1677.2,1677.5,1677.5,1677.2,23,0
2019-12-23,17:59:00,1677.4,1677.5,1677.1,1676.8,307,0
2019-12-23,18:59:00,1677.2,1677.5,1676.7,1676.5,262,0
2019-12-23,19:59:00,1676.8,1676.9,1676.4,1676,322,0
2019-12-23,20:59:00,1676.2,1676.8,1676.8,1675.9,207,0
2019-12-23,21:59:00,1676.8,1677.1,1676.8,1676.5,151,0
2019-12-23,22:57:00,1676.7,1677.1,1676.9,1676.7,107,0
2019-12-23,23:58:00,1676.9,1677.3,1677.3,1676.9,165,0
2019-12-24,00:59:00,1677.3,1677.4,1677,1676.9,200,0
2019-12-24,01:59:00,1677,1677.4,1677.2,1676.9,194,0
2019-12-24,02:59:00,1677.3,1677.5,1677.4,1676.5,313,0
2019-12-24,03:56:00,1677.4,1678.3,1677.5,1677.4,238,0
2019-12-24,04:59:00,1677.6,1677.6,1677.5,1677.1,209,0
2019-12-24,05:58:00,1677.5,1678.1,1677.8,1677.3,164,0
2019-12-24,06:59:00,1677.9,1678.4,1677.7,1677.6,341,0
2019-12-24,07:59:00,1677.6,1678.1,1678,1677.5,651,0
2019-12-24,08:59:00,1678,1679.3,1675.8,1674.3,8183,0
2019-12-24,09:59:00,1675.8,1678.4,1677.1,1675.8,5698,0
2019-12-24,10:59:00,1677.1,1679.9,1679.7,1676.6,4640,0
2019-12-24,11:59:00,1679.6,1680.5,1679.8,1678,5939,0
2019-12-24,12:16:00,1679.9,1681.3,1680.1,1679.5,3334,0
2019-12-25,17:58:00,1680.5,1682.1,1680.5,1680.3,278,0
2019-12-25,18:58:00,1680.6,1682.8,1682.3,1680.3,382,0
2019-12-25,19:59:00,1682.4,1682.5,1681.9,1681.8,125,0
2019-12-25,20:59:00,1681.8,1682.6,1682.5,1681.8,187,0
2019-12-25,21:59:00,1682.5,1682.6,1682.2,1682.1,157,0
2019-12-25,22:58:00,1682.3,1682.3,1682,1682,79,0
2019-12-25,23:58:00,1682,1682.4,1682.2,1682,122,0
2019-12-26,00:58:00,1682.3,1682.4,1682.2,1681.8,124,0
2019-12-26,01:59:00,1682.3,1683.2,1683,1682.3,149,0
2019-12-26,02:57:00,1682.8,1682.9,1682.5,1681.9,196,0
2019-12-26,03:58:00,1682.6,1683.3,1683.1,1682.6,132,0
2019-12-26,04:58:00,1683.1,1683.4,1682.7,1682.6,286,0
2019-12-26,05:59:00,1682.6,1682.8,1682.2,1682.2,273,0
2019-12-26,06:59:00,1682.3,1682.7,1682.1,1681.9,215,0
2019-12-26,07:59:00,1682.1,1684.4,1682.8,1681.9,555,0
2019-12-26,08:59:00,1682.9,1684,1682.2,1680.7,5992,0
2019-12-26,09:59:00,1682.2,1683.3,1682.3,1681.1,5233,0
2019-12-26,10:59:00,1682.2,1683.3,1680.7,1680.1,5690,0
2019-12-26,11:59:00,1680.8,1680.8,1679.3,1678,4327,0
2019-12-26,12:59:00,1679.3,1681.6,1681,1679.2,2718,0
2019-12-26,13:59:00,1681.1,1681.4,1679.8,1679.8,2417,0
2019-12-26,14:59:00,1679.8,1681.1,1680.5,1678.1,8898,0
2019-12-26,15:59:00,1680.5,1682.7,1681.4,1680.3,7400,0
2019-12-26,16:00:00,1681.4,1681.5,1681.2,1681.2,11,0
2019-12-26,17:59:00,1681.3,1682.6,1682.5,1680.8,444,0
2019-12-26,18:58:00,1682.5,1684,1683.8,1682.1,563,0
2019-12-26,19:59:00,1683.7,1684.3,1683.9,1683.3,518,0
2019-12-26,20:59:00,1684.1,1684.8,1684.3,1683.8,408,0
2019-12-26,21:59:00,1684.3,1684.8,1684.5,1684.2,163,0
2019-12-26,22:58:00,1684.4,1684.9,1684.3,1684.1,227,0
2019-12-26,23:59:00,1684.4,1684.7,1684.1,1683.6,247,0
2019-12-27,00:59:00,1684.1,1684.2,1684.1,1683.7,263,0
2019-12-27,01:59:00,1684,1685.1,1684.7,1683.9,555,0
2019-12-27,02:59:00,1684.7,1686.3,1685.4,1684.3,1584,0
2019-12-27,03:59:00,1685.3,1685.3,1684.4,1683.9,640,0
2019-12-27,04:59:00,1684.5,1686.6,1686.3,1684.3,915,0
2019-12-27,05:59:00,1686.4,1686.9,1686.4,1685.4,1006,0
2019-12-27,06:59:00,1686.4,1687,1686.1,1685.7,797,0
2019-12-27,07:59:00,1686.2,1687.8,1684.6,1684.6,2041,0
2019-12-27,08:59:00,1684.6,1686,1672.4,1672,18434,0
2019-12-27,09:59:00,1672.5,1676,1675.9,1670.1,15534,0
2019-12-27,10:59:00,1675.9,1678.5,1677.8,1675.3,8836,0
2019-12-27,11:59:00,1677.8,1677.9,1674.1,1672.9,6460,0
2019-12-27,12:59:00,1674.1,1675.5,1674.6,1673.3,3938,0
2019-12-27,13:59:00,1674.5,1674.8,1674.4,1673.7,5351,0
2019-12-27,14:59:00,1674.4,1674.9,1672.3,1668.5,15519,0
2019-12-27,15:59:00,1672.3,1673.2,1669.2,1669.2,12345,0
2019-12-27,16:00:00,1669.2,1669.3,1669,1668.8,174,0
2019-12-29,17:59:00,1669.5,1672.5,1672.2,1669.5,842,0
2019-12-29,18:57:00,1672.3,1672.9,1672.2,1671,599,0
2019-12-29,19:58:00,1672.3,1673.4,1673.2,1672.2,270,0
2019-12-29,20:59:00,1673.4,1673.5,1673.4,1672.8,322,0
2019-12-29,21:58:00,1673.3,1673.9,1673.8,1673.2,236,0
2019-12-29,22:56:00,1673.7,1674,1673.8,1673.1,317,0
2019-12-29,23:59:00,1673.8,1674,1673.1,1672.6,311,0
2019-12-30,00:59:00,1673.1,1673.1,1672.6,1672.3,249,0
2019-12-30,01:59:00,1672.6,1673.5,1672.3,1672.1,476,0
2019-12-30,02:59:00,1672.3,1674.4,1673.9,1672.3,1104,0
2019-12-30,03:59:00,1673.9,1673.9,1673.2,1672.3,716,0
2019-12-30,04:59:00,1673.2,1673.3,1672.5,1671.7,591,0
2019-12-30,05:59:00,1672.5,1672.5,1672.3,1670.7,1102,0
2019-12-30,06:59:00,1672.3,1673.6,1672.9,1672.3,795,0
2019-12-30,07:59:00,1672.9,1674.4,1673.7,1672.1,1899,0
2019-12-30,08:59:00,1673.8,1675.9,1664.7,1660.8,19241,0
2019-12-30,09:59:00,1664.7,1666.8,1665.4,1659.4,17890,0
2019-12-30,10:59:00,1665.5,1671.5,1668.7,1663.3,12325,0
2019-12-30,11:59:00,1668.7,1675,1673.8,1668.4,11372,0
2019-12-30,12:59:00,1673.9,1673.9,1673.1,1672.4,5963,0
2019-12-30,13:59:00,1673.1,1673.1,1668,1668,7320,0
2019-12-30,14:59:00,1668.1,1669.9,1667.5,1667.1,15812,0
2019-12-30,15:59:00,1667.4,1670.1,1668.1,1667.2,11676,0
2019-12-30,16:00:00,1668.2,1668.2,1668,1667.9,23,0
2019-12-30,17:59:00,1667.9,1669.2,1669.1,1667.4,402,0
2019-12-30,18:59:00,1669,1669.7,1669,1668.4,184,0
2019-12-30,19:59:00,1669,1670.9,1669.8,1669,482,0
2019-12-30,20:57:00,1669.9,1670.9,1670.6,1669.8,142,0
2019-12-30,21:59:00,1670.6,1670.6,1670.6,1670.1,127,0
2019-12-30,22:57:00,1670.6,1671,1670.8,1670.5,72,0
2019-12-30,23:58:00,1670.7,1671,1670.8,1670.4,165,0
2019-12-31,00:59:00,1670.8,1671.2,1671,1670.8,84,0
2019-12-31,01:58:00,1671.1,1671.1,1669.7,1669.4,359,0
2019-12-31,02:59:00,1669.7,1670.8,1670.5,1668.6,488,0
2019-12-31,03:58:00,1670.7,1670.8,1669.9,1669.7,309,0
2019-12-31,04:59:00,1669.8,1671.1,1670.2,1669.7,339,0
2019-12-31,05:59:00,1670.3,1670.8,1668.3,1667.8,735,0
2019-12-31,06:59:00,1668.1,1668.8,1666.4,1665.9,1088,0
2019-12-31,07:59:00,1666.4,1668.5,1665.4,1664.6,1897,0
2019-12-31,08:59:00,1665.4,1676.9,1676.5,1660.6,18709,0
2019-12-31,09:59:00,1676.4,1676.7,1669.6,1669.1,16501,0
2019-12-31,10:59:00,1669.6,1674.8,1674.6,1669,11527,0
2019-12-31,11:59:00,1674.7,1675.6,1673.7,1672.1,8994,0
2019-12-31,12:59:00,1673.7,1675.2,1675.1,1672.8,4481,0
2019-12-31,13:59:00,1675.1,1676.9,1674.8,1674.6,8657,0
2019-12-31,14:59:00,1674.8,1675.6,1671.6,1670.6,26810,0
2019-12-31,15:59:00,1671.6,1674.9,1674.9,1669.7,26916,0
2019-12-31,16:00:00,1674.6,1674.6,1674.1,1674.1,8,0
2020-01-01,17:59:00,1674,1677.2,1675.6,1673.8,1117,0
2020-01-01,18:59:00,1675.6,1677,1676.4,1675.4,401,0
2020-01-01,19:59:00,1676.4,1677.5,1675.2,1674.1,649,0
2020-01-01,20:59:00,1675.3,1676.5,1676,1675.2,318,0
2020-01-01,21:59:00,1675.8,1676.5,1676.2,1675.8,168,0
2020-01-01,22:56:00,1676.3,1676.4,1675.6,1675.5,123,0
2020-01-01,23:59:00,1675.7,1675.7,1675.6,1674.9,190,0
2020-01-02,00:59:00,1675.7,1676,1675.8,1675.2,236,0
2020-01-02,01:59:00,1675.9,1677.8,1677.2,1675.8,946,0
2020-01-02,02:59:00,1677.3,1681.7,1681.4,1677,2310,0
2020-01-02,03:59:00,1681.4,1682.8,1682.2,1681.1,1601,0
2020-01-02,04:59:00,1682.2,1684.3,1683.7,1682.1,1868,0
2020-01-02,05:59:00,1683.7,1683.8,1681.7,1681.4,1009,0
2020-01-02,06:59:00,1681.6,1683,1682.6,1681.4,1020,0
2020-01-02,07:59:00,1682.6,1684.8,1684.3,1682.5,2118,0
2020-01-02,08:59:00,1684.3,1684.6,1669.5,1667.9,28497,0
2020-01-02,09:59:00,1669.5,1670.7,1665.4,1658.6,29215,0
2020-01-02,10:59:00,1665.5,1665.6,1658,1654.6,23343,0
2020-01-02,11:59:00,1658.1,1659.9,1659.5,1657.3,12288,0
2020-01-02,12:59:00,1659.5,1659.9,1656.6,1655.1,9568,0
2020-01-02,13:59:00,1656.7,1663.9,1663,1656.7,9350,0
2020-01-02,14:59:00,1662.9,1669,1668.9,1662.3,20326,0
2020-01-02,15:59:00,1668.9,1672.9,1672.7,1668.8,14354,0
2020-01-02,16:00:00,1672.6,1672.6,1672.4,1671.9,53,0
2020-01-02,17:59:00,1672.4,1674.3,1672.7,1672,750,0
2020-01-02,18:59:00,1672.9,1673.7,1672.6,1672.1,420,0
2020-01-02,19:59:00,1672.8,1673.1,1666.7,1666.7,1810,0
2020-01-02,20:59:00,1666.7,1668,1658.2,1655.6,4031,0
2020-01-02,21:59:00,1658.3,1658.6,1654.8,1652.9,2253,0
2020-01-02,22:59:00,1654.8,1657.5,1655.6,1653.6,1308,0
2020-01-02,23:59:00,1655.6,1656.2,1653.7,1652.2,1749,0
2020-01-03,00:59:00,1653.4,1654.2,1654,1651.7,1052,0
2020-01-03,01:59:00,1653.9,1655.4,1649.8,1649.8,2792,0
2020-01-03,02:59:00,1649.9,1651.9,1650.7,1647.1,3515,0
2020-01-03,03:59:00,1650.7,1651,1647.7,1646.4,2481,0
2020-01-03,04:59:00,1647.6,1649.5,1641,1639.7,3722,0
2020-01-03,05:59:00,1641,1646.3,1644.1,1640.7,2711,0
2020-01-03,06:59:00,1644.2,1650.4,1650.1,1643.7,3286,0
2020-01-03,07:59:00,1650.2,1654.2,1651.7,1649.5,5828,0
2020-01-03,08:59:00,1651.8,1658.1,1657,1648.9,23973,0
2020-01-03,09:59:00,1657.2,1661.1,1657,1652.6,22016,0
2020-01-03,10:59:00,1657.1,1662.6,1660.3,1656.4,11218,0
2020-01-03,11:59:00,1660.3,1666.4,1664.8,1660,10605,0
2020-01-03,12:59:00,1664.8,1666.1,1660.4,1656.6,12483,0
2020-01-03,13:59:00,1660.4,1661.6,1660.8,1657,10531,0
2020-01-03,14:59:00,1660.8,1664.9,1663.6,1660.5,23478,0
2020-01-03,15:59:00,1663.5,1664.3,1661.3,1660.8,17666,0
2020-01-03,16:00:00,1661.2,1661.9,1661.9,1661.2,30,0
2020-01-05,17:59:00,1653.2,1655.3,1655.3,1651.2,2781,0
2020-01-05,18:59:00,1655.3,1656.4,1655.5,1654.1,814,0
2020-01-05,19:59:00,1655.4,1655.7,1653.4,1653.1,831,0
2020-01-05,20:59:00,1653.3,1654.8,1654,1653.2,602,0
2020-01-05,21:59:00,1654.2,1656,1655.7,1653.8,821,0
2020-01-05,22:59:00,1655.8,1658.3,1657.9,1655.5,837,0
2020-01-05,23:59:00,1657.9,1658.2,1657,1656.4,413,0
2020-01-06,00:59:00,1657,1657.2,1656.2,1653.8,819,0
2020-01-06,01:59:00,1656.1,1658.7,1656.1,1655.5,1849,0
2020-01-06,02:59:00,1656.1,1656.9,1647.4,1647,3532,0
2020-01-06,03:59:00,1647.4,1650.3,1649.8,1646.6,2419,0
2020-01-06,04:59:00,1649.9,1651.4,1650.8,1649.3,1363,0
2020-01-06,05:59:00,1650.7,1652,1650.8,1650,1393,0
2020-01-06,06:59:00,1650.7,1654.8,1654,1650.6,1970,0
2020-01-06,07:59:00,1654.1,1654.2,1652.4,1650.5,3302,0
2020-01-06,08:59:00,1652.3,1653.5,1649.8,1647.8,23853,0
2020-01-06,09:59:00,1649.7,1660.7,1659.2,1647.4,18867,0
2020-01-06,10:59:00,1659.3,1662.9,1662.8,1657.7,10303,0
2020-01-06,11:59:00,1662.7,1663.8,1662.6,1661.4,8341,0
2020-01-06,12:59:00,1662.6,1664.5,1663.5,1662.2,5396,0
2020-01-06,13:59:00,1663.5,1667.8,1667.7,1662.6,9927,0
2020-01-06,14:59:00,1667.6,1667.9,1664.3,1663.7,21117,0
2020-01-06,15:59:00,1664.3,1666.6,1663,1662.2,15654,0
2020-01-06,16:00:00,1662.9,1663,1662.9,1662.9,8,0
2020-01-06,17:59:00,1663.5,1664.6,1662.2,1662.1,895,0
2020-01-06,18:59:00,1662.4,1666.2,1664.9,1662.2,1284,0
2020-01-06,19:59:00,1664.8,1666.6,1666,1664.4,837,0
2020-01-06,20:58:00,1666.1,1667.2,1666,1665.3,1006,0
2020-01-06,21:59:00,1666,1666.1,1665.3,1665.2,327,0
2020-01-06,22:59:00,1665.5,1668.8,1668.4,1665.5,893,0
2020-01-06,23:59:00,1668.1,1668.1,1667.1,1666.5,435,0
2020-01-07,00:59:00,1667.1,1667.3,1665.3,1663.9,991,0
2020-01-07,01:59:00,1665.4,1667.8,1663,1662.1,2643,0
2020-01-07,02:59:00,1663.1,1669.4,1667.3,1662.6,2514,0
2020-01-07,03:59:00,1667.4,1667.8,1665.1,1663.4,1461,0
2020-01-07,04:59:00,1665,1666.6,1665.2,1663.7,1149,0
2020-01-07,05:59:00,1665.1,1666.2,1662.5,1661.7,1834,0
2020-01-07,06:59:00,1662.6,1664.8,1664.5,1662.4,1578,0
2020-01-07,07:59:00,1664.5,1664.8,1660.1,1659.7,3065,0
2020-01-07,08:59:00,1660.1,1663.9,1655.7,1654.1,19294,0
2020-01-07,09:59:00,1655.7,1665.5,1665.1,1655.4,19841,0
2020-01-07,10:59:00,1665.1,1665.3,1660,1659.6,9958,0
2020-01-07,11:59:00,1659.8,1661.7,1661.5,1658.5,8035,0
2020-01-07,12:59:00,1661.4,1662.8,1661.9,1660.7,7022,0
2020-01-07,13:59:00,1661.9,1662.2,1660.6,1658.8,5522,0
2020-01-07,14:59:00,1660.6,1661.9,1660.5,1659.5,12633,0
2020-01-07,15:59:00,1660.4,1660.6,1656.5,1653,10888,0
2020-01-07,16:00:00,1656.3,1656.5,1656.5,1656.2,7,0
2020-01-07,17:59:00,1656.5,1657.2,1640.3,1635.3,7805,0
2020-01-07,18:59:00,1640.2,1641.4,1633.7,1627.3,7826,0
2020-01-07,19:59:00,1633.4,1644.8,1640.6,1632.1,5548,0
2020-01-07,20:59:00,1640.6,1654.1,1653.6,1640.4,5109,0
2020-01-07,21:59:00,1653.6,1653.7,1652.6,1647.9,2751,0
2020-01-07,22:59:00,1652.7,1653.5,1649.9,1649.9,474,0
2020-01-07,23:59:00,1649.9,1652.3,1649.3,1649.1,823,0
2020-01-08,00:59:00,1649.4,1652.2,1651.3,1649.2,834,0
2020-01-08,01:59:00,1651.5,1655.8,1654.6,1651.3,2263,0
2020-01-08,02:59:00,1654.6,1657.1,1655.9,1653.8,2040,0
2020-01-08,03:59:00,1655.6,1657.8,1656.9,1654.9,1730,0
2020-01-08,04:59:00,1656.9,1661.9,1661.5,1656,2678,0
2020-01-08,05:59:00,1661.5,1663.6,1661.7,1660.2,2768,0
2020-01-08,06:59:00,1661.6,1662.9,1661.7,1660,2561,0
2020-01-08,07:59:00,1661.7,1663.3,1660.6,1659.9,3773,0
2020-01-08,08:59:00,1660.7,1671.9,1670.7,1658.8,19643,0
2020-01-08,09:59:00,1670.7,1671.9,1662.3,1660.2,19077,0
2020-01-08,10:59:00,1662.2,1671.3,1668.6,1661.5,21590,0
2020-01-08,11:59:00,1668.7,1670.2,1669.8,1666,11973,0
2020-01-08,12:59:00,1669.8,1669.9,1667,1666.9,7331,0
2020-01-08,13:59:00,1667,1670.6,1670.5,1666.9,6664,0
2020-01-08,14:59:00,1670.4,1672.3,1665.1,1664.9,18866,0
2020-01-08,15:59:00,1665.2,1669.8,1668.7,1664.5,12711,0
2020-01-08,16:00:00,1668.8,1668.8,1668.3,1668.3,60,0
2020-01-08,17:59:00,1669,1671.1,1669.3,1668,966,0
2020-01-08,18:59:00,1669.3,1671.2,1670.2,1668.7,874,0
2020-01-08,19:59:00,1670.1,1671,1670.2,1669.4,658,0
2020-01-08,20:59:00,1670.2,1670.4,1669.1,1669,333,0
2020-01-08,21:58:00,1669.1,1669.2,1668.7,1666.8,450,0
2020-01-08,22:59:00,1668.6,1669.9,1669.4,1668.4,206,0
2020-01-08,23:59:00,1669.5,1671.8,1670.7,1669.4,504,0
2020-01-09,00:59:00,1670.7,1671.5,1670.6,1670.2,630,0
2020-01-09,01:59:00,1670.6,1674.6,1674.5,1669.8,1323,0
2020-01-09,02:59:00,1674.5,1675.6,1674.3,1672.8,1339,0
2020-01-09,03:59:00,1674.3,1674.8,1673.1,1672.1,949,0
2020-01-09,04:59:00,1673.1,1673.8,1672.5,1671.9,863,0
2020-01-09,05:59:00,1672.5,1673.4,1673.2,1672.1,535,0
2020-01-09,06:59:00,1673.1,1673.9,1671.8,1671.2,1574,0
2020-01-09,07:59:00,1671.8,1673.6,1672.8,1671.1,1620,0
2020-01-09,08:59:00,1672.8,1674,1670.5,1665.5,19564,0
2020-01-09,09:59:00,1670.4,1676.6,1674.7,1668.6,16327,0
2020-01-09,10:59:00,1674.6,1674.7,1672.1,1669.9,12440,0
2020-01-09,11:59:00,1672.2,1673.3,1668,1664.3,14279,0
2020-01-09,12:59:00,1668,1669.3,1667.3,1666.5,7877,0
2020-01-09,13:59:00,1667.2,1671,1669.8,1666.8,7881,0
2020-01-09,14:59:00,1669.8,1669.9,1666.1,1665.2,15186,0
2020-01-09,15:59:00,1666.2,1668,1667,1666.1,11634,0
2020-01-09,16:00:00,1667,1667.2,1667.1,1667,21,0
2020-01-09,17:59:00,1667.2,1669.1,1668.9,1667,726,0
2020-01-09,18:59:00,1668.8,1671.4,1670.1,1668.6,996,0
2020-01-09,19:59:00,1669.9,1670.6,1670.1,1669,534,0
2020-01-09,20:58:00,1670,1670.4,1670.4,1669.2,301,0
2020-01-09,21:59:00,1670.4,1671,1670.9,1670.1,241,0
2020-01-09,22:59:00,1670.9,1671.4,1670.8,1670.5,353,0
2020-01-09,23:59:00,1670.8,1671.5,1671.3,1670.1,310,0
2020-01-10,00:59:00,1671.4,1672,1670.9,1670.7,546,0
2020-01-10,01:59:00,1670.9,1671.2,1670.3,1669.6,972,0
2020-01-10,02:59:00,1670.4,1670.5,1668.1,1666.9,2065,0
2020-01-10,03:59:00,1668.1,1669.4,1669.4,1667.8,858,0
2020-01-10,04:59:00,1669.3,1670.5,1669.6,1668.9,943,0
2020-01-10,05:58:00,1669.5,1671.7,1670.3,1669.4,1034,0
2020-01-10,06:59:00,1670.2,1670.4,1669.2,1669,885,0
2020-01-10,07:59:00,1669.2,1669.8,1666.9,1663.6,6493,0
2020-01-10,08:59:00,1666.8,1668.5,1665.6,1657.9,22221,0
2020-01-10,09:59:00,1665.6,1668.7,1664.6,1660,19472,0
2020-01-10,10:59:00,1664.6,1665.5,1658.9,1656.7,15914,0
2020-01-10,11:59:00,1658.9,1660.4,1659.8,1653.4,12861,0
2020-01-10,12:59:00,1659.8,1666,1665.5,1659.7,10233,0
2020-01-10,13:59:00,1665.5,1665.5,1661.9,1660.3,9964,0
2020-01-10,14:59:00,1661.8,1662.4,1659.2,1656.4,19718,0
2020-01-10,15:59:00,1659.2,1660.3,1658.1,1657.9,12408,0
2020-01-10,16:00:00,1658.1,1658.3,1657.6,1657.6,12,0
2020-01-12,17:59:00,1657,1661.4,1659.9,1657,1423,0
2020-01-12,18:59:00,1659.7,1661.3,1661,1659.1,386,0
2020-01-12,19:59:00,1661,1664.2,1661.8,1660.9,1431,0
2020-01-12,20:59:00,1661.7,1662.8,1662.5,1660.2,885,0
2020-01-12,21:59:00,1662.6,1663.2,1662.7,1662.3,244,0
2020-01-12,22:56:00,1662.6,1663,1662.6,1662.4,145,0
2020-01-12,23:59:00,1662.6,1663.6,1663.4,1662.6,200,0
2020-01-13,00:59:00,1663.3,1663.8,1663.3,1663,268,0
2020-01-13,01:59:00,1663.2,1663.9,1663.1,1661.9,1039,0
2020-01-13,02:59:00,1663.3,1665.2,1664.8,1662.8,917,0
2020-01-13,03:59:00,1664.8,1666.6,1666.4,1663.5,2381,0
2020-01-13,04:59:00,1666.3,1666.5,1666.1,1665.3,783,0
2020-01-13,05:59:00,1666.1,1666.5,1663.4,1662.5,983,0
2020-01-13,06:59:00,1663.5,1664.2,1663.7,1661.8,1698,0
2020-01-13,07:59:00,1663.5,1664.6,1662.1,1661.5,2213,0
2020-01-13,08:59:00,1662.1,1662.6,1660.1,1652,19275,0
2020-01-13,09:59:00,1660.1,1662.5,1661.8,1656.7,18675,0
2020-01-13,10:59:00,1661.8,1665.1,1664.4,1660.6,11147,0
2020-01-13,11:59:00,1664.4,1669.2,1668,1664.2,10077,0
2020-01-13,12:59:00,1667.9,1668.4,1667.8,1666.3,5089,0
2020-01-13,13:59:00,1667.7,1670.7,1670.2,1667,6297,0
2020-01-13,14:59:00,1670.2,1671.5,1671.5,1667.7,13237,0
2020-01-13,15:59:00,1671.4,1672.2,1670.4,1670,11119,0
2020-01-13,16:00:00,1670.4,1670.4,1670.2,1669.8,186,0
2020-01-13,17:59:00,1670.2,1672.9,1672.7,1670,755,0
2020-01-13,18:59:00,1672.7,1674.8,1673.8,1672.4,973,0
2020-01-13,19:59:00,1673.7,1674.1,1672.2,1672.1,653,0
2020-01-13,20:59:00,1672.2,1673.2,1671.9,1671.4,430,0
2020-01-13,21:59:00,1671.9,1671.9,1669.5,1668.5,1579,0
2020-01-13,22:59:00,1669.5,1670.1,1669.6,1669.2,292,0
2020-01-13,23:59:00,1669.6,1670.3,1668.7,1668.5,405,0
2020-01-14,00:59:00,1668.8,1669.8,1669.6,1668.6,287,0
2020-01-14,01:59:00,1669.6,1670.1,1667.1,1667.1,819,0
2020-01-14,02:59:00,1667.1,1667.3,1664.9,1661.1,3181,0
2020-01-14,03:59:00,1665,1670.4,1669.8,1664.7,1793,0
2020-01-14,04:59:00,1669.9,1670.4,1667,1665.5,1654,0
2020-01-14,05:59:00,1666.8,1668.2,1666.9,1663.8,1799,0
2020-01-14,06:59:00,1667,1668.6,1666.7,1666.2,1059,0
2020-01-14,07:59:00,1666.9,1669.9,1668.2,1665.7,3121,0
2020-01-14,08:59:00,1668.2,1668.6,1663.1,1660.9,25256,0
2020-01-14,09:59:00,1663.1,1670.4,1669.3,1662.3,22749,0
2020-01-14,10:59:00,1669.3,1676.9,1675.9,1668.8,17377,0
2020-01-14,11:59:00,1675.9,1684.7,1684.3,1675.3,13186,0
2020-01-14,12:59:00,1684.3,1687.4,1679.1,1678.4,24037,0
2020-01-14,13:59:00,1679.2,1680.7,1676.9,1672,22778,0
2020-01-14,14:59:00,1676.9,1678.6,1677.1,1674.3,18109,0
2020-01-14,15:59:00,1677.1,1679.7,1678.2,1676.5,11316,0
2020-01-14,16:00:00,1678.5,1678.6,1678.6,1678.5,13,0
2020-01-14,17:59:00,1678.8,1679.4,1673.8,1673.1,2003,0
2020-01-14,18:59:00,1673.8,1675.3,1673.9,1672.4,1059,0
2020-01-14,19:59:00,1674,1676.8,1675.3,1673.8,1076,0
2020-01-14,20:59:00,1675.2,1675.2,1672.5,1672.2,1000,0
2020-01-14,21:59:00,1672.5,1672.9,1672.4,1671.5,863,0
2020-01-14,22:59:00,1672.4,1672.5,1672.4,1671.5,485,0
2020-01-14,23:59:00,1672.3,1673.7,1673,1671.4,575,0
2020-01-15,00:59:00,1673,1674.1,1673.3,1672.4,578,0
2020-01-15,01:59:00,1673.4,1675.5,1674.7,1673.1,862,0
2020-01-15,02:59:00,1674.6,1675.4,1674.2,1671.8,1243,0
2020-01-15,03:59:00,1674,1674.3,1673.1,1672.8,1062,0
2020-01-15,04:59:00,1673.1,1675.2,1674.6,1672.8,669,0
2020-01-15,05:59:00,1674.6,1676.5,1676,1674.6,1068,0
2020-01-15,06:59:00,1676.1,1676.9,1676.3,1674.5,1724,0
2020-01-15,07:59:00,1676.3,1676.7,1672.3,1671,3404,0
2020-01-15,08:59:00,1672.3,1685.7,1684.6,1671.2,22709,0
2020-01-15,09:59:00,1684.6,1688.1,1687.9,1680.1,16868,0
2020-01-15,10:59:00,1687.9,1691.2,1686.5,1682.4,17645,0
2020-01-15,11:59:00,1686.5,1687.9,1682.5,1681.6,10526,0
2020-01-15,12:59:00,1682.6,1685.4,1682.2,1681.1,11284,0
2020-01-15,13:59:00,1682.4,1688.3,1685.9,1682.3,7315,0
2020-01-15,14:59:00,1685.9,1685.9,1683.4,1676.1,24767,0
2020-01-15,15:59:00,1683.4,1686.2,1685.7,1683.3,12549,0
2020-01-15,16:00:00,1685.9,1686.2,1686.2,1685.9,11,0
2020-01-15,17:59:00,1686,1689.8,1689.1,1686,1869,0
2020-01-15,18:59:00,1689.2,1689.7,1688,1687.8,578,0
2020-01-15,19:59:00,1687.9,1689.2,1689,1687.6,513,0
2020-01-15,20:59:00,1689.1,1689.5,1688.7,1687.5,654,0
2020-01-15,21:58:00,1688.7,1689,1688.4,1687.6,521,0
2020-01-15,22:59:00,1688.5,1690,1689.7,1688.5,420,0
2020-01-15,23:59:00,1689.7,1690.8,1690.6,1689.7,368,0
2020-01-16,00:59:00,1690.6,1690.9,1690.6,1690.1,361,0
2020-01-16,01:59:00,1690.8,1691.8,1691.6,1689.8,1027,0
2020-01-16,02:59:00,1691.6,1695.7,1695,1691,4046,0
2020-01-16,03:59:00,1694.8,1695.4,1692.6,1692.2,1993,0
2020-01-16,04:59:00,1692.6,1695.5,1695.2,1691.5,2605,0
2020-01-16,05:59:00,1695.2,1695.6,1695.3,1693.2,2307,0
2020-01-16,06:59:00,1695.4,1695.6,1694.2,1693.8,1149,0
2020-01-16,07:59:00,1694.1,1698.8,1697.5,1693.8,4369,0
2020-01-16,08:59:00,1697.4,1706.8,1705.5,1695.5,31597,0
2020-01-16,09:59:00,1705.6,1710.2,1705.6,1702.9,30784,0
2020-01-16,10:59:00,1705.6,1706.6,1702.6,1700.6,19070,0
2020-01-16,11:59:00,1702.7,1706.5,1705.2,1702.2,9687,0
2020-01-16,12:59:00,1705.2,1706.1,1705.2,1703.5,11642,0
2020-01-16,13:59:00,1705.2,1706.2,1704.3,1702.6,9823,0
2020-01-16,14:59:00,1704.3,1707.4,1706.9,1703,21005,0
2020-01-16,15:59:00,1706.9,1708.2,1707.1,1705.5,16348,0
2020-01-16,16:00:00,1707,1707.2,1707.2,1706.9,27,0
2020-01-16,17:59:00,1707.1,1711.2,1709,1706.3,1565,0
2020-01-16,18:59:00,1708.9,1709.3,1708.5,1707.9,488,0
2020-01-16,19:59:00,1708.4,1708.6,1707.7,1706.7,947,0
2020-01-16,20:59:00,1707.7,1709.4,1707.8,1707.3,624,0
2020-01-16,21:59:00,1707.7,1708.5,1707.9,1707.1,422,0
2020-01-16,22:59:00,1707.9,1708.2,1707.5,1707.4,284,0
2020-01-16,23:59:00,1707.4,1708.1,1707.8,1707.1,374,0
2020-01-17,00:59:00,1707.8,1708.2,1707.8,1707.2,326,0
2020-01-17,01:59:00,1707.8,1709.2,1709.2,1707.6,430,0
2020-01-17,02:59:00,1709.3,1711.8,1711.1,1709,1683,0
2020-01-17,03:59:00,1711.1,1712.6,1712.5,1710.2,1670,0
2020-01-17,04:59:00,1712.5,1714,1712.1,1711.5,1748,0
2020-01-17,05:59:00,1711.9,1713.1,1712.7,1711.7,855,0
2020-01-17,06:59:00,1712.7,1712.9,1711.1,1710.9,1167,0
2020-01-17,07:59:00,1711.1,1714.6,1711.8,1711,3939,0
2020-01-17,08:59:00,1711.8,1715.1,1708.1,1707,22654,0
2020-01-17,09:59:00,1708.2,1709.2,1702.2,1702.1,19330,0
2020-01-17,10:59:00,1702.2,1706.4,1705.9,1700.9,14112,0
2020-01-17,11:59:00,1705.8,1707.1,1705.6,1703.1,7047,0
2020-01-17,12:59:00,1705.7,1706.3,1703.4,1702.9,5394,0
2020-01-17,13:59:00,1703.4,1703.7,1700.8,1699.7,13746,0
2020-01-17,14:59:00,1700.8,1702.1,1700.6,1698.1,25807,0
2020-01-17,15:59:00,1700.6,1701.9,1698.9,1698.3,10300,0
2020-01-17,16:00:00,1699,1699.1,1698.7,1698.7,67,0
2020-01-19,17:59:00,1698.9,1702.1,1702,1698.4,906,0
2020-01-19,18:59:00,1701.9,1702.7,1701.4,1700.3,779,0
2020-01-19,19:59:00,1701.5,1701.6,1700.8,1700.3,379,0
2020-01-19,20:59:00,1700.7,1701.2,1700.1,1699.7,363,0
2020-01-19,21:59:00,1700.1,1701,1700.8,1700,241,0
2020-01-19,22:59:00,1700.8,1701.1,1700.9,1700.8,120,0
2020-01-19,23:59:00,1701,1701.1,1699.7,1699.6,346,0
2020-01-20,00:59:00,1699.7,1700.7,1700.5,1699.5,279,0
2020-01-20,01:59:00,1700.5,1700.5,1698.6,1697.9,896,0
2020-01-20,02:59:00,1698.6,1698.7,1696.4,1696.3,939,0
2020-01-20,03:59:00,1696.5,1697.8,1697.8,1695.8,825,0
2020-01-20,04:58:00,1697.8,1697.8,1697,1696.9,415,0
2020-01-20,05:59:00,1697.2,1699.3,1698.4,1697.1,555,0
2020-01-20,06:58:00,1698.4,1699.5,1698.5,1698.2,335,0
2020-01-20,07:58:00,1698.7,1698.7,1697.5,1697.4,414,0
2020-01-20,08:59:00,1697.5,1699.7,1699.7,1697.5,1512,0
2020-01-20,09:59:00,1699.6,1701.3,1700.4,1699.2,2110,0
2020-01-20,10:59:00,1700.5,1702.6,1701.7,1700,1470,0
2020-01-20,11:59:00,1701.7,1702.6,1702.5,1701.6,574,0
2020-01-20,12:00:00,1702.6,1702.6,1701.7,1701.7,82,0
2020-01-20,17:59:00,1701.9,1703.3,1700.6,1700.6,537,0
2020-01-20,18:59:00,1700.7,1701.5,1700.8,1700.5,535,0
2020-01-20,19:59:00,1700.9,1700.9,1693.8,1693,2663,0
2020-01-20,20:59:00,1693.9,1695,1692.7,1691.8,1247,0
2020-01-20,21:59:00,1692.8,1693.7,1692.8,1692.5,691,0
2020-01-20,22:57:00,1692.7,1693.3,1693,1692.1,369,0
2020-01-20,23:59:00,1693,1693.6,1692.2,1692.1,694,0
2020-01-21,00:59:00,1692.3,1693.6,1691.9,1691.6,755,0
2020-01-21,01:59:00,1691.8,1694.3,1693.2,1691.4,1932,0
2020-01-21,02:59:00,1693.3,1693.6,1691.5,1688.6,2760,0
2020-01-21,03:59:00,1691.6,1692.2,1690.8,1689.4,1060,0
2020-01-21,04:59:00,1690.9,1692,1691.7,1690.6,980,0
2020-01-21,05:59:00,1691.8,1694.8,1694.7,1691.5,1607,0
2020-01-21,06:58:00,1694.7,1695.9,1694.6,1694.1,1376,0
2020-01-21,07:59:00,1694.6,1696.1,1692.4,1691.9,2482,0
2020-01-21,08:59:00,1692.4,1696.4,1693.7,1690.6,19392,0
2020-01-21,09:59:00,1693.9,1695.7,1689.5,1687.4,20363,0
2020-01-21,10:59:00,1689.5,1692.8,1692,1689.2,13390,0
2020-01-21,11:59:00,1692,1693.5,1691.4,1691,6495,0
2020-01-21,12:59:00,1691.4,1692.5,1685.3,1683.2,15636,0
2020-01-21,13:59:00,1685.3,1689.4,1689.1,1684.2,9877,0
2020-01-21,14:59:00,1689.1,1691,1687.2,1684.5,14641,0
2020-01-21,15:59:00,1687.3,1688.2,1685.8,1685.5,10370,0
2020-01-21,16:00:00,1685.8,1686.1,1686,1685.8,9,0
2020-01-21,17:59:00,1686.4,1687.9,1686.9,1686.3,894,0
2020-01-21,18:59:00,1686.9,1689.3,1688.3,1686.9,723,0
2020-01-21,19:59:00,1688.3,1689.9,1688.5,1687.9,978,0
2020-01-21,20:59:00,1688.4,1694.5,1693.6,1688.3,2070,0
2020-01-21,21:58:00,1693.7,1694.5,1693.7,1691.9,1173,0
2020-01-21,22:59:00,1693.7,1694.5,1694,1693.7,364,0
2020-01-21,23:59:00,1694,1695.4,1695.2,1694,508,0
2020-01-22,00:58:00,1695.2,1695.9,1695.4,1694.7,784,0
2020-01-22,01:59:00,1695.3,1695.3,1694,1693.5,727,0
2020-01-22,02:59:00,1694,1696,1693.2,1692.7,1645,0
2020-01-22,03:59:00,1693.1,1693.7,1691.7,1691.1,2291,0
2020-01-22,04:59:00,1691.7,1693.5,1692.4,1691.3,1622,0
2020-01-22,05:59:00,1692.4,1693,1692.7,1691.4,1011,0
2020-01-22,06:59:00,1692.8,1694.6,1693.5,1692.5,1212,0
2020-01-22,07:59:00,1693.4,1694.4,1694,1692.9,1913,0
2020-01-22,08:59:00,1693.9,1697.1,1693.6,1690.7,18522,0
2020-01-22,09:59:00,1693.5,1695.2,1690.4,1689.4,16799,0
2020-01-22,10:59:00,1690.3,1690.5,1688.2,1686.7,14124,0
2020-01-22,11:59:00,1688.2,1689.4,1688.9,1685.2,10256,0
2020-01-22,12:59:00,1689,1690.6,1689.9,1688,8683,0
2020-01-22,13:59:00,1689.9,1691.1,1690.3,1689.2,5691,0
2020-01-22,14:59:00,1690.4,1690.4,1685.9,1682.3,21243,0
2020-01-22,15:59:00,1685.9,1686.5,1682.5,1681.7,11035,0
2020-01-22,16:00:00,1682.6,1682.6,1682.3,1682.2,72,0
2020-01-22,17:59:00,1683.2,1683.8,1681.9,1680.4,1587,0
2020-01-22,18:59:00,1682,1684.2,1683.5,1680.7,1252,0
2020-01-22,19:59:00,1683.4,1684.8,1684.4,1682.2,972,0
2020-01-22,20:59:00,1684.3,1685.2,1683.8,1683.1,661,0
2020-01-22,21:59:00,1683.9,1684.4,1681.2,1681.2,649,0
2020-01-22,22:58:00,1681.3,1683.2,1682.2,1680.9,505,0
2020-01-22,23:59:00,1682.1,1682.2,1680.5,1679.8,876,0
2020-01-23,00:59:00,1680.4,1681.3,1680.7,1679.9,421,0
2020-01-23,01:59:00,1680.9,1685.4,1684.2,1680.7,1476,0
2020-01-23,02:59:00,1684.1,1684.7,1682.6,1682.3,1294,0
2020-01-23,03:59:00,1682.6,1684.7,1684.4,1682.6,934,0
2020-01-23,04:59:00,1684.3,1685.8,1685.6,1683.8,748,0
2020-01-23,05:59:00,1685.7,1686,1685.2,1684.4,718,0
2020-01-23,06:59:00,1685.2,1685.8,1682.7,1681.9,1228,0
2020-01-23,07:59:00,1682.8,1684.4,1680.5,1680.5,3449,0
2020-01-23,08:59:00,1680.5,1683.8,1674.8,1664.9,26742,0
2020-01-23,09:59:00,1674.8,1680.1,1677.3,1672.8,20461,0
2020-01-23,10:59:00,1677.3,1679.8,1678,1672.9,17025,0
2020-01-23,11:59:00,1678.1,1680.8,1678.5,1676.9,10261,0
2020-01-23,12:59:00,1678.4,1684.8,1684.4,1678.3,8926,0
2020-01-23,13:59:00,1684.4,1689.8,1689.7,1684.3,11884,0
2020-01-23,14:59:00,1689.6,1690.3,1686.9,1686.5,13128,0
2020-01-23,15:59:00,1687,1687.2,1685.4,1684.8,11181,0
2020-01-23,16:00:00,1685.5,1685.5,1685.3,1685.2,35,0
2020-01-23,17:59:00,1685.7,1688.8,1687.7,1685.6,1011,0
2020-01-23,18:59:00,1687.8,1688.1,1686.4,1685.8,915,0
2020-01-23,19:59:00,1686.4,1687.6,1686.5,1684.9,689,0
2020-01-23,20:59:00,1686.4,1687.6,1687.2,1686,538,0
2020-01-23,21:59:00,1687.2,1687.4,1687.2,1686.4,414,0
2020-01-23,22:58:00,1687.1,1688.9,1688.5,1687.1,429,0
2020-01-23,23:59:00,1688.7,1688.7,1688.1,1687.5,217,0
2020-01-24,00:58:00,1688.1,1688.8,1688.1,1688,221,0
2020-01-24,01:59:00,1688.1,1688.3,1688.2,1686.8,750,0
2020-01-24,02:59:00,1688.3,1694.3,1693.6,1687.7,3420,0
2020-01-24,03:59:00,1693.7,1693.9,1691.5,1691.2,1806,0
2020-01-24,04:59:00,1691.5,1692.3,1690.4,1690.3,1030,0
2020-01-24,05:59:00,1690.3,1692.9,1692.6,1690.3,999,0
2020-01-24,06:59:00,1692.8,1693.2,1692.4,1691.5,1046,0
2020-01-24,07:59:00,1692.4,1693.3,1691,1690.3,1850,0
2020-01-24,08:59:00,1691.1,1691.9,1684.3,1680.2,21856,0
2020-01-24,09:59:00,1684.3,1684.9,1674.8,1671.3,24500,0
2020-01-24,10:59:00,1674.8,1677.9,1669.9,1669.1,19506,0
2020-01-24,11:59:00,1669.8,1670,1665.8,1661.2,23066,0
2020-01-24,12:59:00,1665.9,1666.9,1659.3,1657.4,19136,0
2020-01-24,13:59:00,1659.4,1661.1,1661,1652.5,22695,0
2020-01-24,14:59:00,1661,1664.5,1663.3,1657.3,28155,0
2020-01-24,15:59:00,1663.4,1665.1,1662.9,1662.1,16355,0
2020-01-24,16:00:00,1662.9,1662.9,1662.9,1662.5,19,0
2020-01-26,17:59:00,1651.1,1652.2,1644.4,1641,6309,0
2020-01-26,18:59:00,1644.4,1649.1,1649,1643.5,2632,0
2020-01-26,19:59:00,1649,1649.8,1649,1647.8,1370,0
2020-01-26,20:59:00,1648.8,1648.9,1646.7,1644.6,1405,0
2020-01-26,21:59:00,1646.7,1649.5,1649,1646,962,0
2020-01-26,22:59:00,1649.1,1649.5,1647.9,1647.9,531,0
2020-01-26,23:59:00,1648,1649,1646.9,1646.7,1015,0
2020-01-27,00:59:00,1646.8,1649,1648.4,1646.3,884,0
2020-01-27,01:59:00,1648.4,1649.7,1648.6,1647.1,1824,0
2020-01-27,02:59:00,1648.7,1652.1,1648.9,1646.5,3421,0
2020-01-27,03:59:00,1648.9,1649,1644.6,1642.9,3216,0
2020-01-27,04:59:00,1644.7,1644.7,1638.8,1638.6,4151,0
2020-01-27,05:59:00,1638.7,1643,1641.2,1636.5,4445,0
2020-01-27,06:59:00,1641.1,1646.5,1641.7,1641.1,4537,0
2020-01-27,07:59:00,1641.7,1643.9,1642.6,1639.5,4939,0
2020-01-27,08:59:00,1642.6,1648.3,1644.2,1634.2,33513,0
2020-01-27,09:59:00,1644.2,1648.6,1643,1640.6,26853,0
2020-01-27,10:59:00,1643.1,1651.6,1651.3,1641.8,21965,0
2020-01-27,11:59:00,1651.3,1655.2,1650.1,1648.5,17848,0
2020-01-27,12:59:00,1650.1,1653.9,1651.8,1649.3,11563,0
2020-01-27,13:59:00,1651.9,1653.6,1649.5,1648.5,11434,0
2020-01-27,14:59:00,1649.6,1652.8,1645.3,1645.2,22472,0
2020-01-27,15:59:00,1645.3,1646.5,1645.2,1642.7,20080,0
2020-01-27,16:00:00,1645.1,1645.2,1644.9,1644.9,14,0
2020-01-27,17:59:00,1644.6,1649.2,1647.6,1644,1558,0
2020-01-27,18:59:00,1647.7,1649.4,1646.8,1646.7,922,0
2020-01-27,19:59:00,1646.9,1651.6,1650.5,1646.9,1693,0
2020-01-27,20:59:00,1650.4,1650.6,1650.1,1647.5,920,0
2020-01-27,21:59:00,1650.1,1650.4,1650.3,1648.8,411,0
2020-01-27,22:59:00,1650.4,1653.3,1652.7,1650.3,959,0
2020-01-27,23:59:00,1652.6,1655.6,1655,1652,1094,0
2020-01-28,00:59:00,1654.9,1657.3,1656.8,1653.8,1114,0
2020-01-28,01:59:00,1656.6,1657.9,1655.9,1655,1963,0
2020-01-28,02:59:00,1656,1656.4,1650.8,1650.1,3337,0
2020-01-28,03:59:00,1651,1651.8,1650.7,1647.5,2981,0
2020-01-28,04:59:00,1650.7,1652.1,1650.9,1648.5,1678,0
2020-01-28,05:59:00,1650.9,1654.3,1654.1,1646.6,3085,0
2020-01-28,06:59:00,1654.2,1660.4,1657.9,1654.2,5037,0
2020-01-28,07:59:00,1657.9,1659.1,1656.4,1655.6,3806,0
2020-01-28,08:59:00,1656.6,1662.2,1655.6,1652.1,20045,0
2020-01-28,09:59:00,1655.7,1664.3,1660,1655.2,24109,0
2020-01-28,10:59:00,1660.1,1662.2,1660.5,1657.6,15461,0
2020-01-28,11:59:00,1660.6,1661.6,1659.3,1657.5,8685,0
2020-01-28,12:59:00,1659.3,1659.6,1658.3,1655.9,8918,0
2020-01-28,13:59:00,1658.3,1662.2,1658.8,1658.2,9632,0
2020-01-28,14:59:00,1658.8,1662.7,1658.6,1658.3,18957,0
2020-01-28,15:59:00,1658.5,1662.1,1661.1,1657.9,11734,0
2020-01-28,16:00:00,1661.1,1661.7,1661.7,1661,21,0
2020-01-28,17:59:00,1660.6,1661.4,1657.2,1656.5,1392,0
2020-01-28,18:59:00,1657.3,1657.6,1656.9,1655.9,621,0
2020-01-28,19:59:00,1656.8,1663.7,1661.8,1656.1,1460,0
2020-01-28,20:59:00,1661.9,1662.9,1662.2,1661.2,560,0
2020-01-28,21:59:00,1662.1,1664.2,1662.9,1661.7,594,0
2020-01-28,22:59:00,1663.1,1663.2,1662.2,1661.5,305,0
2020-01-28,23:59:00,1662.3,1662.6,1661.3,1661.2,381,0
2020-01-29,00:59:00,1661.2,1661.8,1660.2,1660,385,0
2020-01-29,01:59:00,1660.2,1660.3,1659.3,1658.8,868,0
2020-01-29,02:59:00,1659.2,1662.2,1660.7,1657.3,2229,0
2020-01-29,03:59:00,1660.9,1662,1658.2,1657.2,1221,0
2020-01-29,04:59:00,1658.1,1661,1660.4,1658,809,0
2020-01-29,05:59:00,1660.3,1661.5,1660.9,1659.5,890,0
2020-01-29,06:59:00,1660.9,1662.1,1660.5,1659.5,1856,0
2020-01-29,07:59:00,1660.6,1661.7,1658.7,1658.6,3081,0
2020-01-29,08:59:00,1658.7,1665.7,1658,1657.4,19750,0
2020-01-29,09:59:00,1657.9,1658.2,1656.4,1649.5,25116,0
2020-01-29,10:59:00,1656.4,1660.1,1657,1654.8,11793,0
2020-01-29,11:59:00,1657,1657.1,1653.6,1653.1,7858,0
2020-01-29,12:59:00,1653.6,1656.8,1656.5,1653.1,6749,0
2020-01-29,13:59:00,1656.4,1659.1,1654,1653.6,11534,0
2020-01-29,14:59:00,1654.1,1654.2,1649.1,1649.1,17169,0
2020-01-29,15:59:00,1649.1,1650.3,1649.1,1646.2,9949,0
2020-01-29,16:00:00,1649,1649.4,1649.2,1648.9,89,0
2020-01-29,17:59:00,1648.6,1652,1650.2,1648.1,1073,0
2020-01-29,18:59:00,1650.1,1650.9,1647.4,1645.4,1331,0
2020-01-29,19:59:00,1647.5,1647.9,1645.6,1644.8,1130,0
2020-01-29,20:59:00,1645.6,1645.8,1640.5,1638.8,1739,0
2020-01-29,21:59:00,1640.4,1642.6,1639,1637.9,1095,0
2020-01-29,22:59:00,1639,1639.9,1638.7,1638,735,0
2020-01-29,23:59:00,1638.9,1640.8,1639.2,1636.8,1181,0
2020-01-30,00:59:00,1639.1,1640.9,1639.1,1638.6,751,0
2020-01-30,01:59:00,1639.1,1639.8,1633.9,1632.1,2417,0
2020-01-30,02:59:00,1633.9,1637.5,1637,1631.5,3407,0
2020-01-30,03:59:00,1637.1,1642.2,1639,1636.4,1661,0
2020-01-30,04:59:00,1639,1639.6,1638.2,1636.9,854,0
2020-01-30,05:59:00,1638,1638.1,1634.4,1632.9,2180,0
2020-01-30,06:59:00,1634.3,1636.5,1633.8,1633.3,1148,0
2020-01-30,07:59:00,1633.9,1640.2,1637.9,1632.7,3502,0
2020-01-30,08:59:00,1638,1651.1,1644.9,1637.1,26044,0
2020-01-30,09:59:00,1644.9,1647.4,1631.4,1628.7,25104,0
2020-01-30,10:59:00,1631.3,1641.9,1639.8,1629.2,21097,0
2020-01-30,11:59:00,1639.8,1640.2,1631.8,1630.1,13248,0
2020-01-30,12:59:00,1631.9,1633.9,1631,1630.1,7923,0
2020-01-30,13:59:00,1631,1640.3,1639,1631,19704,0
2020-01-30,14:59:00,1639.1,1649.6,1649.1,1638.6,24336,0
2020-01-30,15:59:00,1649.1,1651.6,1650.1,1648.1,14461,0
2020-01-30,16:00:00,1650.1,1650.3,1650.2,1650,79,0
2020-01-30,17:59:00,1650.4,1650.6,1647.4,1645.2,1209,0
2020-01-30,18:59:00,1647.4,1649.5,1649.3,1645.4,843,0
2020-01-30,19:59:00,1649.1,1652.8,1648.4,1647.9,1490,0
2020-01-30,20:59:00,1648.3,1652.2,1650.2,1647.5,669,0
2020-01-30,21:59:00,1650.3,1651,1650.2,1649.3,305,0
2020-01-30,22:59:00,1650.1,1650.9,1650.8,1649.2,192,0
2020-01-30,23:59:00,1650.8,1651.6,1649.4,1649,320,0
2020-01-31,00:57:00,1649.1,1649.1,1647.3,1646.3,491,0
2020-01-31,01:59:00,1647.6,1648.4,1644.7,1644.1,1119,0
2020-01-31,02:59:00,1644.7,1645.9,1644.4,1642.8,2713,0
2020-01-31,03:59:00,1644.3,1645.5,1644.3,1642.8,2184,0
2020-01-31,04:59:00,1644.4,1645.5,1639.1,1636.1,5869,0
2020-01-31,05:59:00,1639,1642.8,1641.2,1639,3048,0
2020-01-31,06:59:00,1641.2,1644.5,1642.2,1641.2,1739,0
2020-01-31,07:59:00,1642,1642.4,1641.3,1639.2,2703,0
2020-01-31,08:59:00,1641.4,1644.8,1635.4,1631.7,24071,0
2020-01-31,09:59:00,1635.4,1635.9,1622.3,1621.1,26622,0
2020-01-31,10:59:00,1622.4,1624.5,1622.8,1615.5,25815,0
2020-01-31,11:59:00,1622.8,1624.5,1616.1,1612.9,19451,0
2020-01-31,12:59:00,1616.1,1618.1,1616.2,1611.9,15061,0
2020-01-31,13:59:00,1616.1,1620.3,1617.4,1614.6,16537,0
2020-01-31,14:59:00,1617.4,1618.7,1615.2,1609.1,33639,0
2020-01-31,15:59:00,1615.2,1619.1,1617.3,1613.9,23589,0
2020-01-31,16:00:00,1617.4,1617.6,1616.5,1616.5,121,0
2020-02-02,17:59:00,1613.5,1620.9,1618.7,1613.5,1795,0
2020-02-02,18:59:00,1618.7,1625.4,1622.5,1617.4,1239,0
2020-02-02,19:59:00,1622.6,1627.7,1626.9,1619.8,1774,0
2020-02-02,20:59:00,1626.8,1629.8,1623.2,1623.1,2442,0
2020-02-02,21:59:00,1623.1,1628,1627,1622.4,1699,0
2020-02-02,22:59:00,1627.1,1627.3,1626.6,1625.6,369,0
2020-02-02,23:59:00,1626.5,1629.1,1626.8,1626.3,1262,0
2020-02-03,00:59:00,1626.9,1627.4,1625.4,1624,1785,0
2020-02-03,01:59:00,1625.4,1627.9,1625.6,1624,1150,0
2020-02-03,02:59:00,1625.7,1627.1,1624.6,1620.2,1710,0
2020-02-03,03:59:00,1624.9,1625,1620.8,1620.4,1018,0
2020-02-03,04:59:00,1621,1622.9,1621.5,1619.8,957,0
2020-02-03,05:59:00,1621.4,1623.9,1623,1621.3,1411,0
2020-02-03,06:59:00,1623,1623.7,1622.5,1621.2,1961,0
2020-02-03,07:59:00,1622.5,1630.7,1627.3,1622.1,5638,0
2020-02-03,08:59:00,1627.3,1632.4,1630.9,1624.5,22156,0
2020-02-03,09:59:00,1630.8,1639,1634.6,1629.5,27425,0
2020-02-03,10:59:00,1634.6,1636.4,1629.1,1625.7,17084,0
2020-02-03,11:59:00,1629.2,1633.4,1633.4,1626,10666,0
2020-02-03,12:59:00,1633.3,1633.6,1632.2,1628,11174,0
2020-02-03,13:59:00,1632.2,1634.3,1633.9,1629.4,8786,0
2020-02-03,14:59:00,1633.9,1635.2,1631.4,1629.1,18979,0
2020-02-03,15:59:00,1631.3,1633.4,1631.9,1630.1,15021,0
2020-02-03,16:00:00,1631.8,1632.4,1631.8,1631.3,134,0
2020-02-03,17:59:00,1631.7,1631.7,1630,1627.3,955,0
2020-02-03,18:59:00,1630.1,1633.2,1632.4,1629.8,573,0
2020-02-03,19:59:00,1632.3,1639.3,1638.8,1632.3,1960,0
2020-02-03,20:59:00,1638.7,1638.9,1638,1636.2,809,0
2020-02-03,21:59:00,1637.9,1642.8,1641.2,1636.4,1185,0
2020-02-03,22:59:00,1640.9,1643.5,1641.3,1640.1,602,0
2020-02-03,23:59:00,1641.5,1643.4,1642.3,1640.9,2028,0
2020-02-04,00:59:00,1642.4,1645.5,1645,1642.1,654,0
2020-02-04,01:59:00,1645,1645,1643.3,1641,1020,0
2020-02-04,02:59:00,1643.4,1651.1,1649.7,1643.2,2538,0
2020-02-04,03:59:00,1649.6,1652.5,1651.7,1648.6,1645,0
2020-02-04,04:59:00,1651.6,1652.1,1650.7,1650.4,2099,0
2020-02-04,05:59:00,1650.7,1653.7,1653.1,1650,2069,0
2020-02-04,06:59:00,1653.2,1655.2,1654.8,1651.8,2405,0
2020-02-04,07:59:00,1654.7,1658.1,1657.8,1653.3,4870,0
2020-02-04,08:59:00,1657.7,1659.9,1657.8,1650.8,25373,0
2020-02-04,09:59:00,1657.9,1658.1,1655.2,1651.1,16376,0
2020-02-04,10:59:00,1655.2,1658.4,1656.6,1653,12172,0
2020-02-04,11:59:00,1656.6,1661.9,1660.1,1656.6,11219,0
2020-02-04,12:59:00,1660.2,1661.1,1660.4,1658.1,6205,0
2020-02-04,13:59:00,1660.4,1662.6,1659.8,1659.5,9509,0
2020-02-04,14:59:00,1659.7,1660.6,1656.4,1655.4,19644,0
2020-02-04,15:59:00,1656.4,1661.7,1660.8,1655.6,16114,0
2020-02-04,16:00:00,1660.6,1661.1,1661.1,1660.6,83,0
2020-02-04,17:59:00,1661.1,1661.3,1657.3,1657,664,0
2020-02-04,18:59:00,1657.4,1659.3,1656.3,1655.7,930,0
2020-02-04,19:59:00,1656.4,1659.5,1659.3,1654.3,1220,0
2020-02-04,20:59:00,1659.3,1659.5,1657.4,1656.7,1027,0
2020-02-04,21:59:00,1657.4,1658.5,1657.7,1655.9,341,0
2020-02-04,22:58:00,1657.6,1659.1,1658.5,1657.6,202,0
2020-02-04,23:59:00,1658.5,1658.7,1656.3,1655.3,615,0
2020-02-05,00:59:00,1656.1,1658.2,1656.9,1656.1,455,0
2020-02-05,01:59:00,1656.8,1658,1655.8,1655.6,688,0
2020-02-05,02:59:00,1655.7,1671.2,1669,1655.3,3607,0
2020-02-05,03:59:00,1668.8,1676.9,1675.9,1667.6,2939,0
2020-02-05,04:59:00,1676,1676.5,1673.7,1672.6,1837,0
2020-02-05,05:59:00,1673.9,1675.9,1671.8,1670.1,1876,0
2020-02-05,06:59:00,1671.5,1673.4,1671.4,1670.5,1166,0
2020-02-05,07:59:00,1671.4,1677.1,1675.2,1671,4393,0
2020-02-05,08:59:00,1675.3,1675.9,1674.7,1668.8,21434,0
2020-02-05,09:59:00,1674.8,1678.8,1671.1,1665.9,27561,0
2020-02-05,10:59:00,1671,1676.9,1676.8,1668.7,15239,0
2020-02-05,11:59:00,1676.8,1680.4,1679.5,1676,8120,0
2020-02-05,12:59:00,1679.6,1683.5,1681.7,1678.4,10730,0
2020-02-05,13:59:00,1681.7,1682.7,1681.9,1678.2,8786,0
2020-02-05,14:59:00,1681.9,1685,1682,1680,18804,0
2020-02-05,15:59:00,1682,1685.5,1684.2,1681,13037,0
2020-02-05,16:00:00,1684.2,1684.2,1684.2,1684,34,0
2020-02-05,17:59:00,1684.5,1686,1683.3,1683.1,429,0
2020-02-05,18:59:00,1683.3,1684.8,1683.8,1682.4,473,0
2020-02-05,19:59:00,1683.8,1689.9,1686.7,1683.4,1598,0
2020-02-05,20:58:00,1686.6,1690.1,1689.4,1686.5,709,0
2020-02-05,21:59:00,1689.5,1690.7,1689.3,1688.2,492,0
2020-02-05,22:59:00,1689.2,1693.3,1693.2,1688.5,1132,0
2020-02-05,23:59:00,1693.2,1694.9,1693.3,1692.5,1181,0
2020-02-06,00:59:00,1693.3,1695.2,1692,1691.8,1052,0
2020-02-06,01:59:00,1691.9,1693.1,1692.8,1690.2,951,0
2020-02-06,02:59:00,1692.8,1693.6,1691.8,1690.7,1207,0
2020-02-06,03:59:00,1691.6,1692.1,1688.2,1687.3,1200,0
2020-02-06,04:59:00,1688.3,1688.6,1686.5,1686.4,1003,0
2020-02-06,05:59:00,1686.4,1691.2,1691.2,1686.2,1902,0
2020-02-06,06:59:00,1691.1,1691.5,1687.9,1687.4,1423,0
2020-02-06,07:59:00,1687.8,1690.8,1688.6,1686.5,2311,0
2020-02-06,08:59:00,1688.7,1690.7,1684.2,1678.3,20482,0
2020-02-06,09:59:00,1684.3,1687.3,1679.7,1677.2,18115,0
2020-02-06,10:59:00,1679.6,1683.9,1678,1677.6,12238,0
2020-02-06,11:59:00,1678,1684.1,1680,1677.2,7340,0
2020-02-06,12:59:00,1679.9,1682.2,1679.6,1676.8,6161,0
2020-02-06,13:59:00,1679.6,1680.3,1678.7,1676.8,6339,0
2020-02-06,14:59:00,1678.7,1681.6,1679.3,1677.3,13808,0
2020-02-06,15:59:00,1679.3,1681.5,1681.5,1677.2,12598,0
2020-02-06,16:00:00,1681.5,1681.7,1681.6,1681.5,30,0
2020-02-06,17:59:00,1682.1,1682.5,1681.9,1680.6,642,0
2020-02-06,18:59:00,1681.7,1682,1677.3,1675,1149,0
2020-02-06,19:59:00,1677.4,1678.8,1676.7,1674.7,1263,0
2020-02-06,20:59:00,1676.7,1679.1,1676,1675.9,599,0
2020-02-06,21:59:00,1676,1678.2,1678,1676,480,0
2020-02-06,22:59:00,1678,1678.3,1677.1,1676.8,233,0
2020-02-06,23:59:00,1677.2,1677.7,1676.7,1675.6,349,0
2020-02-07,00:59:00,1676.6,1680.5,1679.6,1676,574,0
2020-02-07,01:59:00,1679.6,1680.4,1677.2,1676.3,760,0
2020-02-07,02:59:00,1677.3,1679,1677.2,1675.5,986,0
2020-02-07,03:59:00,1677.8,1678.2,1674.5,1673.9,1026,0
2020-02-07,04:59:00,1674.3,1675.3,1671.5,1671.4,1322,0
2020-02-07,05:59:00,1671.3,1674.3,1674.3,1670.1,1415,0
2020-02-07,06:59:00,1674.4,1675.4,1675.3,1673.8,898,0
2020-02-07,07:59:00,1675.3,1679.8,1672.5,1671.1,6118,0
2020-02-07,08:59:00,1672.5,1673.7,1662.9,1660.8,28821,0
2020-02-07,09:59:00,1662.9,1666.8,1663.7,1659.6,17991,0
2020-02-07,10:59:00,1663.6,1666,1663.5,1659.2,14407,0
2020-02-07,11:59:00,1663.4,1665.5,1662.9,1661.2,8587,0
2020-02-07,12:59:00,1662.9,1663.2,1656,1655.9,12471,0
2020-02-07,13:59:00,1656,1656.8,1656.6,1652.7,17948,0
2020-02-07,14:59:00,1656.6,1658.8,1656.9,1654.7,18041,0
2020-02-07,15:59:00,1656.8,1658.7,1656.8,1655.7,14519,0
2020-02-07,16:00:00,1656.8,1657,1656.9,1656.7,48,0
2020-02-09,17:59:00,1656.3,1659.7,1650.3,1646.4,3797,0
2020-02-09,18:59:00,1650.3,1653.2,1651.6,1649.9,978,0
2020-02-09,19:59:00,1651.8,1658.7,1656.4,1651.1,2198,0
2020-02-09,20:59:00,1656.5,1661.9,1659.8,1656.1,1673,0
2020-02-09,21:59:00,1659.9,1660.4,1658.4,1657.9,812,0
2020-02-09,22:59:00,1658.2,1659.2,1657.3,1656.5,443,0
2020-02-09,23:59:00,1657.3,1659.3,1658.4,1656.7,378,0
2020-02-10,00:59:00,1658.4,1660.9,1660.2,1657.8,613,0
2020-02-10,01:59:00,1660.1,1660.9,1658.7,1657.7,792,0
2020-02-10,02:59:00,1658.7,1660.1,1655.8,1654,1457,0
2020-02-10,03:59:00,1655.9,1659.5,1656.2,1655.7,989,0
2020-02-10,04:59:00,1656.2,1660.2,1658.8,1655.2,1127,0
2020-02-10,05:59:00,1658.8,1659.9,1658.4,1658.3,561,0
2020-02-10,06:59:00,1658.3,1659.6,1657.4,1656.6,995,0
2020-02-10,07:59:00,1657.4,1658.8,1655.5,1654.9,1635,0
2020-02-10,08:59:00,1655.6,1659.8,1659.5,1653.3,17119,0
2020-02-10,09:59:00,1659.4,1662,1660.2,1657.7,16650,0
2020-02-10,10:59:00,1660.1,1663.6,1660.6,1660.1,8698,0
2020-02-10,11:59:00,1660.7,1662.4,1660.9,1659.3,7090,0
2020-02-10,12:59:00,1660.9,1662.1,1661,1660.1,5571,0
2020-02-10,13:59:00,1661.1,1664.1,1663.5,1660.1,6887,0
2020-02-10,14:59:00,1663.5,1667.3,1667.1,1663,13131,0
2020-02-10,15:59:00,1667.2,1669.6,1668.3,1666.5,10290,0
2020-02-10,16:00:00,1668.3,1668.8,1668.6,1668.3,33,0
2020-02-10,17:59:00,1668.4,1669.1,1668.6,1667.5,579,0
2020-02-10,18:59:00,1668.6,1671.8,1670.6,1667.6,772,0
2020-02-10,19:59:00,1670.7,1674.8,1674.7,1670.6,1516,0
2020-02-10,20:59:00,1674.6,1675.7,1675.1,1674.4,870,0
2020-02-10,21:59:00,1675.1,1675.7,1675.1,1674.4,867,0
2020-02-10,22:57:00,1675.1,1675.2,1675.1,1674.2,193,0
2020-02-10,23:59:00,1675,1676.6,1676.2,1674.5,531,0
2020-02-11,00:59:00,1676.1,1676.5,1674.4,1673.6,1349,0
2020-02-11,01:59:00,1674.5,1674.5,1672.7,1671.8,841,0
2020-02-11,02:59:00,1672.8,1674.7,1672.6,1671.8,1524,0
2020-02-11,03:59:00,1672.7,1673.1,1672.5,1670.2,1451,0
2020-02-11,04:59:00,1672.6,1674.6,1674.1,1672.5,673,0
2020-02-11,05:59:00,1674,1675,1673.1,1672.6,632,0
2020-02-11,06:59:00,1673.2,1676.7,1676.4,1672.4,1487,0
2020-02-11,07:59:00,1676.4,1677.6,1676.2,1673.9,3277,0
2020-02-11,08:59:00,1676.2,1681,1679.9,1671.4,17416,0
2020-02-11,09:59:00,1680,1688.5,1682.5,1679.8,24386,0
2020-02-11,10:59:00,1682.5,1684,1679.6,1675.4,18124,0
2020-02-11,11:59:00,1679.6,1683.8,1681.4,1678.6,9761,0
2020-02-11,12:59:00,1681.4,1683.3,1679.9,1678,9977,0
2020-02-11,13:59:00,1680,1680.5,1677.9,1675.5,10060,0
2020-02-11,14:59:00,1677.9,1679.4,1677.1,1674.4,15440,0
2020-02-11,15:59:00,1677.1,1679.4,1679.2,1677,9733,0
2020-02-11,16:00:00,1679.2,1679.3,1679.1,1679.1,35,0
2020-02-11,17:59:00,1679.6,1681.1,1679.7,1679,700,0
2020-02-11,18:59:00,1679.7,1680.3,1678.5,1677.2,788,0
2020-02-11,19:59:00,1678.5,1680.3,1679.6,1678.5,844,0
2020-02-11,20:59:00,1679.8,1680.7,1679.6,1679.4,609,0
2020-02-11,21:59:00,1679.7,1681.4,1680.9,1679.5,494,0
2020-02-11,22:58:00,1680.8,1681.9,1681.6,1680.6,422,0
2020-02-11,23:59:00,1681.7,1683.2,1682.8,1681.5,756,0
2020-02-12,00:59:00,1682.9,1683.9,1682.4,1682.1,643,0
2020-02-12,01:59:00,1682.4,1683.3,1681.7,1681.3,966,0
2020-02-12,02:59:00,1681.5,1687.1,1686.1,1681.3,2222,0
2020-02-12,03:59:00,1686.1,1686.7,1685.1,1683.4,1250,0
2020-02-12,04:59:00,1685.1,1686.6,1686,1683.5,1378,0
2020-02-12,05:59:00,1686,1687.1,1686.6,1685.8,905,0
2020-02-12,06:59:00,1686.5,1687.2,1686.3,1685.3,1560,0
2020-02-12,07:59:00,1686.4,1688.4,1687.2,1686,2368,0
2020-02-12,08:59:00,1687.3,1691.9,1684,1683.5,20332,0
2020-02-12,09:59:00,1684,1686.5,1683.8,1681.7,14232,0
2020-02-12,10:59:00,1683.7,1686.6,1685,1683.1,9030,0
2020-02-12,11:59:00,1685,1688.3,1687.7,1683.6,8945,0
2020-02-12,12:59:00,1687.7,1689.6,1689.5,1685.3,5299,0
2020-02-12,13:59:00,1689.6,1690.7,1690.3,1688.3,6312,0
2020-02-12,14:59:00,1690.2,1691.1,1690.1,1688,10540,0
2020-02-12,15:59:00,1690,1690.7,1690.3,1688.7,9184,0
2020-02-12,16:00:00,1690.2,1690.4,1690,1690,34,0
2020-02-12,17:59:00,1690.5,1691.4,1684,1681.7,2882,0
2020-02-12,18:59:00,1684.1,1686.1,1684.1,1682.4,1560,0
2020-02-12,19:59:00,1684,1687,1685.5,1683.9,1468,0
2020-02-12,20:59:00,1685.4,1686.5,1685.5,1684.4,807,0
2020-02-12,21:59:00,1685.4,1686.2,1684.4,1684.2,385,0
2020-02-12,22:59:00,1684.3,1685.2,1683.4,1683.3,468,0
2020-02-12,23:59:00,1683.3,1684.6,1684.3,1683,426,0
2020-02-13,00:59:00,1684.3,1685.1,1683.3,1682.9,462,0
2020-02-13,01:59:00,1683.3,1683.5,1681.7,1681.4,1069,0
2020-02-13,02:59:00,1681.5,1683,1681.7,1680.6,1280,0
2020-02-13,03:59:00,1681.7,1682.1,1677.9,1676.6,1821,0
2020-02-13,04:59:00,1677.9,1678.9,1677.1,1673,2801,0
2020-02-13,05:59:00,1677.2,1679,1677.9,1675.2,1271,0
2020-02-13,06:59:00,1677.8,1680.2,1679.5,1677,2564,0
2020-02-13,07:59:00,1679.6,1682.9,1682.2,1679.5,2629,0
2020-02-13,08:59:00,1682.3,1690.3,1684.7,1679.9,22123,0
2020-02-13,09:59:00,1684.7,1690.4,1689.7,1679.7,21960,0
2020-02-13,10:59:00,1689.7,1692.7,1690.3,1686.9,11673,0
2020-02-13,11:59:00,1690.4,1695.1,1690.1,1690,9178,0
2020-02-13,12:59:00,1690.1,1695.6,1695.3,1689.6,6706,0
2020-02-13,13:59:00,1695.4,1698,1697.9,1694.8,11469,0
2020-02-13,14:59:00,1698,1698,1693.8,1691.6,14872,0
2020-02-13,15:59:00,1693.8,1697.1,1696.8,1692.9,10240,0
2020-02-13,16:00:00,1696.7,1696.8,1696.8,1696.6,19,0
2020-02-13,17:59:00,1696.6,1697,1694.1,1693.2,1017,0
2020-02-13,18:59:00,1694.1,1696.3,1695.9,1693.3,946,0
2020-02-13,19:59:00,1696.1,1697.9,1697.7,1694.9,999,0
2020-02-13,20:59:00,1697.7,1700.9,1700.9,1697.4,1740,0
2020-02-13,21:59:00,1700.9,1703.1,1701.1,1700.9,1092,0
2020-02-13,22:59:00,1701.2,1701.9,1701.2,1700.6,345,0
2020-02-13,23:59:00,1701.2,1701.7,1700.7,1700.2,452,0
2020-02-14,00:59:00,1700.8,1700.9,1700.7,1699.4,446,0
2020-02-14,01:59:00,1700.7,1701.7,1700.6,1700.2,882,0
2020-02-14,02:59:00,1700.7,1701.1,1698.5,1698.4,1191,0
2020-02-14,03:59:00,1698.5,1699.4,1698.8,1697.2,1767,0
2020-02-14,04:59:00,1698.8,1700.8,1699.8,1698.6,948,0
2020-02-14,05:59:00,1699.9,1700.5,1699.1,1698.3,655,0
2020-02-14,06:59:00,1699.1,1701.4,1700.9,1698.9,868,0
2020-02-14,07:59:00,1700.8,1701,1696.9,1694.8,3134,0
2020-02-14,08:59:00,1696.9,1697.7,1692,1689.6,18913,0
2020-02-14,09:59:00,1691.9,1693.1,1690.5,1687.1,17981,0
2020-02-14,10:59:00,1690.3,1693.2,1690.6,1689.7,9233,0
2020-02-14,11:59:00,1690.7,1690.9,1687.4,1685.9,7973,0
2020-02-14,12:59:00,1687.3,1688.2,1683.9,1683.4,11746,0
2020-02-14,13:59:00,1684,1686.9,1682.9,1681.7,13278,0
2020-02-14,14:59:00,1682.9,1688.1,1687.7,1682.9,13985,0
2020-02-14,15:59:00,1687.8,1688,1687.7,1686.6,9675,0
2020-02-14,16:00:00,1687.7,1687.8,1687.2,1687,127,0
2020-02-16,17:59:00,1687.6,1691.9,1690.5,1687.6,847,0
2020-02-16,18:59:00,1690.6,1690.8,1688.4,1687.8,932,0
2020-02-16,19:59:00,1688.2,1692.4,1691.3,1687.5,1024,0
2020-02-16,20:59:00,1691.3,1692.4,1691.7,1691,405,0
2020-02-16,21:59:00,1691.8,1692.3,1691.9,1691.2,402,0
2020-02-16,22:59:00,1691.9,1692,1691.3,1690.8,258,0
2020-02-16,23:59:00,1691.3,1692.8,1692.5,1691.1,342,0
2020-02-17,00:59:00,1692.4,1693.9,1692.1,1691.6,580,0
2020-02-17,01:59:00,1692.2,1692.4,1691.8,1690.8,475,0
2020-02-17,02:59:00,1691.7,1693.4,1690.9,1690.1,1509,0
2020-02-17,03:59:00,1690.8,1692.6,1692.1,1690.8,601,0
2020-02-17,04:59:00,1692.3,1692.8,1692.1,1691.4,323,0
2020-02-17,05:59:00,1692.1,1692.8,1692.4,1691.8,369,0
2020-02-17,06:58:00,1692.4,1692.9,1691.6,1690,432,0
2020-02-17,07:59:00,1691.5,1691.6,1690.7,1690.7,428,0
2020-02-17,08:59:00,1690.8,1692.3,1689.3,1689,1990,0
2020-02-17,09:59:00,1689.3,1691.4,1690.6,1688.7,1604,0
2020-02-17,10:59:00,1690.6,1691.8,1690.7,1690.1,879,0
2020-02-17,11:59:00,1690.7,1690.9,1690.3,1689,878,0
2020-02-17,12:00:00,1690.3,1690.4,1689.2,1689.2,77,0
2020-02-17,17:59:00,1686.5,1686.5,1684.7,1681.7,1652,0
2020-02-17,18:59:00,1684.7,1684.8,1682.9,1682.8,701,0
2020-02-17,19:59:00,1682.9,1683.8,1682.2,1681.1,1250,0
2020-02-17,20:59:00,1682.3,1683,1679.2,1678.7,1051,0
2020-02-17,21:59:00,1679.2,1681.2,1680.7,1679.1,699,0
2020-02-17,22:59:00,1680.6,1682,1681.9,1679.9,549,0
2020-02-17,23:59:00,1681.8,1682,1681.7,1680.4,465,0
2020-02-18,00:59:00,1681.7,1682.6,1681.6,1681.4,892,0
2020-02-18,01:59:00,1681.6,1682.2,1679.4,1678.3,2074,0
2020-02-18,02:59:00,1679.3,1683.2,1681.8,1679.1,2629,0
2020-02-18,03:59:00,1681.8,1681.9,1680.4,1678.2,1132,0
2020-02-18,04:59:00,1680.5,1683.4,1683,1679.4,1431,0
2020-02-18,05:59:00,1683,1683.3,1681.1,1680.8,1017,0
2020-02-18,06:59:00,1681.1,1682.7,1681.7,1680.4,1233,0
2020-02-18,07:59:00,1682.1,1684.2,1682.5,1681,2155,0
2020-02-18,08:59:00,1682.5,1688.9,1685.4,1682.3,18798,0
2020-02-18,09:59:00,1685.4,1689.1,1684.1,1679.9,19316,0
2020-02-18,10:59:00,1684.1,1684.1,1673.1,1672.9,16351,0
2020-02-18,11:59:00,1673.1,1680.3,1679.2,1672.6,10786,0
2020-02-18,12:59:00,1679.1,1681,1680.2,1678.2,4707,0
2020-02-18,13:59:00,1680.1,1684.7,1683.5,1679,6968,0
2020-02-18,14:59:00,1683.4,1684.5,1683.5,1681.2,13683,0
2020-02-18,15:59:00,1683.5,1684.8,1683.8,1682.8,9860,0
2020-02-18,16:00:00,1683.7,1684,1683.6,1683.6,37,0
2020-02-18,17:59:00,1684.3,1688,1687.6,1684,662,0
2020-02-18,18:59:00,1687.7,1688.7,1686.7,1686.5,623,0
2020-02-18,19:59:00,1686.7,1687.8,1687.7,1684.8,909,0
2020-02-18,20:59:00,1687.7,1689.7,1688.5,1687.5,1029,0
2020-02-18,21:59:00,1688.5,1690.8,1690.4,1688.2,635,0
2020-02-18,22:59:00,1690.3,1691.2,1689.1,1689,654,0
2020-02-18,23:59:00,1689.1,1690.2,1689.8,1689,425,0
2020-02-19,00:59:00,1689.7,1689.8,1689,1688.4,283,0
2020-02-19,01:59:00,1689,1690.5,1690.1,1688.4,822,0
2020-02-19,02:59:00,1690.1,1690.3,1687.8,1686.7,1425,0
2020-02-19,03:59:00,1687.8,1688.9,1687.7,1686.8,1332,0
2020-02-19,04:59:00,1687.6,1688.3,1687.6,1686.8,566,0
2020-02-19,05:59:00,1687.8,1688.1,1688.1,1686.3,790,0
2020-02-19,06:59:00,1688.1,1689.7,1689.4,1687.5,1443,0
2020-02-19,07:59:00,1689.2,1690.3,1689.9,1688.2,2208,0
2020-02-19,08:59:00,1690,1692.5,1689.3,1688.5,18693,0
2020-02-19,09:59:00,1689.2,1691.9,1691.5,1686.5,16437,0
2020-02-19,10:59:00,1691.6,1694.5,1692.7,1691,9863,0
2020-02-19,11:59:00,1692.8,1695.7,1694.6,1691.9,6712,0
2020-02-19,12:59:00,1694.7,1695.6,1694.4,1694,5203,0
2020-02-19,13:59:00,1694.5,1699.5,1697.9,1693,8497,0
2020-02-19,14:59:00,1697.9,1698.5,1692.9,1691.5,19290,0
2020-02-19,15:59:00,1692.8,1694.5,1693.4,1691.7,10789,0
2020-02-19,16:00:00,1693.3,1693.4,1693.2,1693,27,0
2020-02-19,17:59:00,1694.6,1695.9,1695.7,1693.6,611,0
2020-02-19,18:59:00,1695.8,1698.5,1697.6,1695.8,1069,0
2020-02-19,19:59:00,1697.6,1697.9,1694.8,1694.4,924,0
2020-02-19,20:59:00,1694.8,1694.8,1690.1,1688.4,2133,0
2020-02-19,21:59:00,1690.1,1691.6,1687.4,1686.3,2237,0
2020-02-19,22:59:00,1687.4,1689,1688.8,1686.1,829,0
2020-02-19,23:59:00,1688.7,1690,1689.5,1688.2,590,0
2020-02-20,00:59:00,1689.5,1691.4,1691.1,1689.1,675,0
2020-02-20,01:59:00,1691.2,1693.8,1692.9,1690.5,1001,0
2020-02-20,02:59:00,1693,1693,1689.1,1687.8,1657,0
2020-02-20,03:59:00,1689.2,1691.1,1690.8,1688,1478,0
2020-02-20,04:59:00,1690.5,1691.3,1689.2,1687.9,1116,0
2020-02-20,05:59:00,1689.3,1689.7,1687.5,1687.1,1191,0
2020-02-20,06:59:00,1687.5,1688.9,1688.7,1686.9,1168,0
2020-02-20,07:59:00,1688.6,1689.9,1686.6,1685.6,2916,0
2020-02-20,08:59:00,1686.6,1696.8,1695.7,1686.1,22969,0
2020-02-20,09:59:00,1695.6,1698.9,1697.7,1694.8,16334,0
2020-02-20,10:59:00,1697.7,1698.6,1682.7,1673.6,36291,0
2020-02-20,11:59:00,1682.7,1688,1687.7,1677.2,18154,0
2020-02-20,12:59:00,1687.6,1692.6,1691.3,1685.9,14202,0
2020-02-20,13:59:00,1691.2,1697.9,1695.1,1691.2,14104,0
2020-02-20,14:59:00,1695.1,1697.4,1696.7,1691.2,20599,0
2020-02-20,15:59:00,1696.7,1697.1,1693.1,1692.8,10900,0
2020-02-20,16:00:00,1693,1693.9,1693.2,1693,103,0
2020-02-20,17:59:00,1693.1,1694.1,1687.4,1686.5,2421,0
2020-02-20,18:59:00,1687.3,1693,1691.4,1687.3,1517,0
2020-02-20,19:59:00,1691.6,1692.8,1691.1,1689.7,1932,0
2020-02-20,20:59:00,1691,1691,1689.3,1687.6,1533,0
2020-02-20,21:59:00,1689.7,1691.2,1690.8,1689.3,613,0
2020-02-20,22:59:00,1690.6,1690.9,1689.5,1688.6,466,0
2020-02-20,23:59:00,1689.4,1690.1,1687.6,1686.7,1161,0
2020-02-21,00:59:00,1687.7,1688.4,1687,1685.1,991,0
2020-02-21,01:59:00,1687.1,1687.4,1685.9,1684.3,1781,0
2020-02-21,02:59:00,1685.9,1690.6,1688.3,1682.5,4138,0
2020-02-21,03:59:00,1688.4,1690.5,1686.9,1686,1582,0
2020-02-21,04:59:00,1686.9,1690.4,1689.3,1686.6,1898,0
2020-02-21,05:59:00,1689.5,1690.1,1688.6,1686.9,1795,0
2020-02-21,06:59:00,1688.6,1691.4,1690.1,1688.4,1836,0
2020-02-21,07:59:00,1690.1,1690.7,1686.2,1685.3,3574,0
2020-02-21,08:59:00,1686.3,1692.2,1680.1,1676.9,27707,0
2020-02-21,09:59:00,1680,1680.9,1677.5,1671,28106,0
2020-02-21,10:59:00,1677.6,1685.1,1684.1,1676.4,15781,0
2020-02-21,11:59:00,1684,1686.6,1683,1682.1,9765,0
2020-02-21,12:59:00,1683,1684.8,1678.1,1675.8,11840,0
2020-02-21,13:59:00,1678.1,1680,1676.9,1675.2,14050,0
2020-02-21,14:59:00,1676.8,1680.7,1678.4,1674.3,21502,0
2020-02-21,15:59:00,1678.3,1679.6,1678.4,1677.9,14607,0
2020-02-21,16:00:00,1678.3,1678.5,1678.4,1678,90,0
2020-02-23,17:59:00,1665.8,1666.6,1654.9,1650.5,6314,0
2020-02-23,18:59:00,1655.1,1657.7,1652.9,1651.7,2287,0
2020-02-23,19:59:00,1652.9,1655.3,1653.6,1652.4,2205,0
2020-02-23,20:59:00,1653.5,1654.3,1648.6,1647.4,2492,0
2020-02-23,21:59:00,1648.4,1652.2,1651.2,1646.6,1573,0
2020-02-23,22:59:00,1651.2,1653.9,1653.2,1651,711,0
2020-02-23,23:59:00,1653,1653.2,1651.6,1651,773,0
2020-02-24,00:59:00,1651.5,1653.4,1653.1,1651.3,1040,0
2020-02-24,01:59:00,1653.1,1653.9,1647.7,1646.8,2729,0
2020-02-24,02:59:00,1647.6,1647.9,1636.1,1635.3,6452,0
2020-02-24,03:59:00,1636.1,1638.3,1634.1,1625.1,6591,0
2020-02-24,04:59:00,1634.3,1635.1,1629.6,1627.9,3444,0
2020-02-24,05:59:00,1629.4,1637.8,1636,1627,3842,0
2020-02-24,06:59:00,1636.1,1639.8,1634.6,1631.8,3963,0
2020-02-24,07:59:00,1634.2,1637.8,1630.3,1629.8,5248,0
2020-02-24,08:59:00,1630.2,1632.6,1629.8,1622.5,48122,0
2020-02-24,09:59:00,1629.8,1635.5,1632.7,1625.2,36430,0
2020-02-24,10:59:00,1632.6,1633,1626.3,1623.5,22146,0
2020-02-24,11:59:00,1626.3,1628.3,1622,1620.7,18028,0
2020-02-24,12:59:00,1622,1627.7,1627.5,1618,19612,0
2020-02-24,13:59:00,1627.5,1635.2,1633,1623.3,15826,0
2020-02-24,14:59:00,1633,1636.4,1628.4,1627.7,28497,0
2020-02-24,15:59:00,1628.5,1629.2,1628.1,1621.7,19093,0
2020-02-24,16:00:00,1628.1,1628.1,1627.5,1627.3,71,0
2020-02-24,17:59:00,1625.7,1634.6,1634.5,1621.5,3357,0
2020-02-24,18:59:00,1634.6,1638.3,1638,1632.6,3335,0
2020-02-24,19:59:00,1638.1,1644.7,1642.2,1637.3,4175,0
2020-02-24,20:59:00,1642.3,1644.5,1639.8,1639.7,2731,0
2020-02-24,21:59:00,1639.7,1641.4,1640.9,1638.4,1679,0
2020-02-24,22:59:00,1640.9,1642.3,1641.9,1639.7,650,0
2020-02-24,23:59:00,1641.9,1643.3,1643.2,1641.2,826,0
2020-02-25,00:59:00,1643.2,1645.5,1645.1,1642.1,1042,0
2020-02-25,01:59:00,1645,1645.5,1644.5,1639.8,2261,0
2020-02-25,02:59:00,1644.3,1644.9,1636.9,1636.3,4100,0
2020-02-25,03:59:00,1636.8,1639.4,1632.4,1632,2652,0
2020-02-25,04:59:00,1632.5,1634,1630.2,1624.8,3253,0
2020-02-25,05:59:00,1630.2,1634.5,1631.3,1626.8,2447,0
2020-02-25,06:59:00,1631.4,1635.9,1634.8,1629.6,2780,0
2020-02-25,07:59:00,1634.7,1636.5,1632.3,1629.9,5283,0
2020-02-25,08:59:00,1632.2,1634.7,1619.4,1615.7,32164,0
2020-02-25,09:59:00,1619.5,1621.5,1601,1593.1,53333,0
2020-02-25,10:59:00,1601,1604.5,1597.7,1591.7,39963,0
2020-02-25,11:59:00,1597.8,1600.2,1584.8,1584.6,22218,0
2020-02-25,12:59:00,1585,1588.4,1578.2,1577.2,36461,0
2020-02-25,13:59:00,1578.1,1580.2,1578,1566.3,41850,0
2020-02-25,14:59:00,1578.1,1585.8,1572.1,1568.2,44857,0
2020-02-25,15:59:00,1572.1,1578.6,1576.1,1568.7,25056,0
2020-02-25,16:00:00,1575.9,1576.2,1575.7,1575.7,34,0
2020-02-25,17:59:00,1574.6,1584,1581.8,1574.6,2594,0
2020-02-25,18:59:00,1581.9,1584.4,1577.2,1576.8,5090,0
2020-02-25,19:59:00,1577.1,1583,1579.3,1572.6,3721,0
2020-02-25,20:59:00,1579.5,1588.7,1585.8,1576.3,2077,0
2020-02-25,21:59:00,1585.8,1588.7,1586.1,1583.9,981,0
2020-02-25,22:59:00,1586.1,1586.5,1584.4,1581.4,1340,0
2020-02-25,23:59:00,1584.5,1585.5,1585.1,1581.9,1234,0
2020-02-26,00:59:00,1585.1,1585.2,1576.9,1575.3,2230,0
2020-02-26,01:59:00,1577,1583.4,1583.3,1576,2026,0
2020-02-26,02:59:00,1583.3,1585.3,1567.6,1565.8,3762,0
2020-02-26,03:59:00,1567.4,1571.2,1566.3,1553.4,6828,0
2020-02-26,04:59:00,1566.4,1575.8,1569,1565.8,3042,0
2020-02-26,05:59:00,1569.1,1582.3,1578.4,1568.2,3533,0
2020-02-26,06:59:00,1578.5,1581.2,1578.4,1569.7,5343,0
2020-02-26,07:59:00,1578.2,1584.7,1580.4,1574.1,6813,0
2020-02-26,08:59:00,1580.3,1591.6,1579,1574.1,36166,0
2020-02-26,09:59:00,1579,1590.3,1585,1573.8,40947,0
2020-02-26,10:59:00,1584.9,1589.4,1577.6,1575.8,23944,0
2020-02-26,11:59:00,1577.5,1577.8,1569.4,1562.7,32561,0
2020-02-26,12:59:00,1569.6,1571.5,1550.9,1549.3,35849,0
2020-02-26,13:59:00,1550.8,1560.1,1549.9,1548.7,31523,0
2020-02-26,14:59:00,1549.9,1559,1552.4,1548.8,29149,0
2020-02-26,15:59:00,1552.5,1553.3,1546.2,1545.6,17636,0
2020-02-26,16:00:00,1546.7,1547.1,1546.5,1546.2,221,0
2020-02-26,17:59:00,1547.4,1553.9,1546.4,1541.8,3448,0
2020-02-26,18:59:00,1546.5,1549.4,1543.5,1534.9,3113,0
2020-02-26,19:59:00,1543.1,1544.1,1536.9,1535.7,1851,0
2020-02-26,20:59:00,1536.5,1538.5,1531.7,1531.2,2732,0
2020-02-26,21:59:00,1531.3,1535.6,1528,1527.7,1904,0
2020-02-26,22:59:00,1528.6,1529.4,1524.3,1523.5,1020,0
2020-02-26,23:59:00,1524.1,1529.8,1529.7,1523.6,1088,0
2020-02-27,00:59:00,1529.5,1535.4,1535.3,1524.6,1501,0
2020-02-27,01:59:00,1535.1,1544.2,1541.7,1532.9,2630,0
2020-02-27,02:59:00,1541.6,1543.4,1541.2,1531.7,3959,0
2020-02-27,03:59:00,1541.1,1545.4,1537.8,1536.9,3349,0
2020-02-27,04:59:00,1537.5,1540.4,1532,1531.3,3094,0
2020-02-27,05:59:00,1532.2,1537,1533.9,1530,4034,0
2020-02-27,06:59:00,1533.9,1536,1530.9,1528.6,5462,0
2020-02-27,07:59:00,1531.5,1532.5,1527.3,1524.8,6907,0
2020-02-27,08:59:00,1527.2,1527.6,1514.3,1504.6,46835,0
2020-02-27,09:59:00,1514.1,1519.8,1519.2,1494.2,51439,0
2020-02-27,10:59:00,1519.2,1535.4,1535.1,1518.9,38517,0
2020-02-27,11:59:00,1534.8,1556.7,1548.1,1533.6,35384,0
2020-02-27,12:59:00,1548.2,1553,1530.4,1526.5,31366,0
2020-02-27,13:59:00,1530.6,1532.1,1523.6,1520.4,23416,0
2020-02-27,14:59:00,1523.5,1528.8,1498.6,1497.4,38739,0
2020-02-27,15:59:00,1498.7,1501.3,1481.5,1481.5,34441,0
2020-02-27,16:00:00,1481.4,1483.2,1481.8,1480.3,162,0
2020-02-27,17:59:00,1481.6,1493.5,1493.2,1474.8,3196,0
2020-02-27,18:59:00,1492.9,1494.7,1491.5,1485.6,2822,0
2020-02-27,19:59:00,1491.4,1495.8,1495.3,1485.3,2091,0
2020-02-27,20:59:00,1495.3,1500,1489.8,1488,2287,0
2020-02-27,21:59:00,1489.9,1490.4,1484.6,1471,4542,0
2020-02-27,22:59:00,1484.5,1487.7,1478.3,1476.9,2789,0
2020-02-27,23:59:00,1479.2,1479.2,1468.4,1464.2,2568,0
2020-02-28,00:59:00,1467.8,1471,1468.1,1460.6,2603,0
2020-02-28,01:59:00,1467.9,1483.8,1474.4,1467.4,5255,0
2020-02-28,02:59:00,1474.4,1487.5,1469.8,1465.3,8986,0
2020-02-28,03:59:00,1469.9,1471.1,1464.6,1451.1,8499,0
2020-02-28,04:59:00,1464.6,1480.6,1478.9,1462.3,6581,0
2020-02-28,05:59:00,1478.9,1483.6,1475.3,1474.3,6139,0
2020-02-28,06:59:00,1475.2,1487.7,1479.9,1470.8,7490,0
2020-02-28,07:59:00,1480,1485,1461.8,1460.6,20131,0
2020-02-28,08:59:00,1461.7,1484.4,1458.4,1448.5,67062,0
2020-02-28,09:59:00,1458.4,1467.4,1460.9,1447.7,60663,0
2020-02-28,10:59:00,1460.7,1485.8,1468.1,1450.7,38164,0
2020-02-28,11:59:00,1468.3,1481,1478.9,1461.7,23655,0
2020-02-28,12:59:00,1479.3,1481.1,1457.9,1453.2,23472,0
2020-02-28,13:59:00,1457.8,1470.6,1459.8,1448.5,29294,0
2020-02-28,14:59:00,1459.7,1470.2,1470.1,1444,53076,0
2020-02-28,15:59:00,1470.1,1498.9,1493.7,1469.7,30063,0
2020-02-28,16:00:00,1493.5,1494.5,1494.3,1493,174,0
2020-03-01,17:59:00,1454.5,1461.9,1456.5,1446.4,5345,0
2020-03-01,18:59:00,1456.1,1462.1,1457.8,1453.3,2664,0
2020-03-01,19:59:00,1458,1481.1,1473.5,1457.4,4020,0
2020-03-01,20:59:00,1473,1492.6,1490.3,1470.4,3663,0
2020-03-01,21:59:00,1490.1,1494.4,1489.3,1485.1,3544,0
2020-03-01,22:59:00,1489.1,1491.2,1486,1481.2,1866,0
2020-03-01,23:59:00,1485.9,1489.5,1488.3,1484,1197,0
2020-03-02,00:59:00,1488.1,1488.3,1486.5,1482.5,1979,0
2020-03-02,01:59:00,1486.5,1508.4,1506.2,1485.1,4876,0
2020-03-02,02:59:00,1506.2,1511.9,1501.5,1498.3,6250,0
2020-03-02,03:59:00,1501.3,1504.1,1486.3,1482.4,5080,0
2020-03-02,04:59:00,1486.4,1489.5,1478.8,1478.8,2990,0
2020-03-02,05:59:00,1478.8,1479.7,1452.5,1451.6,6382,0
2020-03-02,06:59:00,1452.6,1470.3,1468.6,1451.3,5783,0
2020-03-02,07:59:00,1468.8,1475.4,1473.6,1457.6,10690,0
2020-03-02,08:59:00,1473.6,1486.7,1469.1,1467.3,53396,0
2020-03-02,09:59:00,1468.9,1489,1484.8,1459.4,47964,0
2020-03-02,10:59:00,1485,1499.5,1497.9,1478.4,45895,0
2020-03-02,11:59:00,1498,1500.4,1499,1487.8,24738,0
2020-03-02,12:59:00,1499.1,1500.7,1494,1486.1,24299,0
2020-03-02,13:59:00,1494.1,1500,1484.5,1480.6,25649,0
2020-03-02,14:59:00,1484.5,1517.2,1517,1482.2,37253,0
2020-03-02,15:59:00,1517,1520.1,1505.2,1499.6,26584,0
2020-03-02,16:00:00,1505.3,1506.2,1505.9,1505.3,79,0
2020-03-02,17:59:00,1509.5,1512.5,1512.3,1505.5,2730,0
2020-03-02,18:59:00,1512.3,1518.3,1517.9,1511.7,2826,0
2020-03-02,19:59:00,1517.9,1518.9,1510.4,1510,2655,0
2020-03-02,20:59:00,1510.1,1513.7,1509.9,1507,2519,0
2020-03-02,21:59:00,1510.3,1516.9,1513.9,1510.1,2069,0
2020-03-02,22:59:00,1514,1514.3,1507.5,1502.7,2796,0
2020-03-02,23:59:00,1507.6,1509.7,1502.5,1502.4,1403,0
2020-03-03,00:59:00,1502.4,1509.4,1508.7,1497.5,2528,0
2020-03-03,01:59:00,1508.9,1512.2,1509.7,1504.3,2677,0
2020-03-03,02:59:00,1509.5,1524.9,1517.8,1503.4,5033,0
2020-03-03,03:59:00,1517.9,1524.6,1521.8,1514.8,3150,0
2020-03-03,04:59:00,1521.8,1525.9,1521.8,1520.3,3421,0
2020-03-03,05:59:00,1521.6,1522.7,1511.3,1509,3303,0
2020-03-03,06:59:00,1511.4,1519.9,1508.5,1500.2,7038,0
2020-03-03,07:59:00,1508.1,1513.5,1509.3,1497.7,9486,0
2020-03-03,08:59:00,1509.5,1518.3,1510.7,1504.1,38114,0
2020-03-03,09:59:00,1510.6,1548,1528.3,1508.9,52129,0
2020-03-03,10:59:00,1528.3,1530.2,1513.2,1495,32708,0
2020-03-03,11:59:00,1513.2,1518.4,1503.6,1501.6,15693,0
2020-03-03,12:59:00,1503.6,1504,1482.1,1480.1,23310,0
2020-03-03,13:59:00,1482,1489.7,1485.9,1468.2,22109,0
2020-03-03,14:59:00,1485.8,1499.4,1483,1480,36722,0
2020-03-03,15:59:00,1482.9,1491.6,1475.9,1475.1,21326,0
2020-03-03,16:00:00,1476.1,1476.1,1475.8,1475.6,26,0
2020-03-03,17:59:00,1475.2,1479.3,1476.4,1470.2,2061,0
2020-03-03,18:59:00,1476.2,1493.3,1492.1,1475.8,3473,0
2020-03-03,19:59:00,1491.9,1496,1491.9,1489.6,2588,0
2020-03-03,20:59:00,1491.9,1499,1498.1,1490.1,2210,0
2020-03-03,21:59:00,1498.3,1502.3,1498.3,1497.3,2320,0
2020-03-03,22:59:00,1498.4,1498.6,1495.9,1493.9,2309,0
2020-03-03,23:59:00,1495.8,1500.7,1499.2,1494.8,988,0
2020-03-04,00:59:00,1499.1,1502,1497,1495.9,1155,0
2020-03-04,01:59:00,1496.8,1503.6,1501.1,1496.8,1734,0
2020-03-04,02:59:00,1501.2,1504.3,1502.8,1495,2972,0
2020-03-04,03:59:00,1503.4,1509.6,1507.3,1502.1,2874,0
2020-03-04,04:59:00,1507.7,1510.2,1506.3,1505.8,2187,0
2020-03-04,05:59:00,1506.3,1509.7,1508.4,1504.1,1478,0
2020-03-04,06:59:00,1508.6,1515.3,1509.4,1505.7,3436,0
2020-03-04,07:59:00,1509.6,1509.9,1507.1,1500.8,4414,0
2020-03-04,08:59:00,1507.1,1514,1495.6,1494.6,26785,0
2020-03-04,09:59:00,1495.7,1512.4,1494.3,1491.9,36727,0
2020-03-04,10:59:00,1494.3,1499.7,1495.1,1490.4,28214,0
2020-03-04,11:59:00,1495.2,1510.3,1509.5,1493.8,14614,0
2020-03-04,12:59:00,1509.6,1520.6,1517.6,1509.3,18276,0
2020-03-04,13:59:00,1517.5,1522.4,1521.4,1513.4,18220,0
2020-03-04,14:59:00,1521.4,1530.2,1529,1518.1,29315,0
2020-03-04,15:59:00,1529,1529.2,1522.5,1519.7,18048,0
2020-03-04,16:00:00,1522.3,1523,1522.7,1522.1,86,0
2020-03-04,17:59:00,1522.7,1523.5,1520.3,1516.3,1760,0
2020-03-04,18:59:00,1520.2,1520.8,1517.9,1515.2,1789,0
2020-03-04,19:59:00,1517.9,1519.6,1513.5,1512,1511,0
2020-03-04,20:59:00,1513.4,1515.8,1515,1511,1468,0
2020-03-04,21:59:00,1514.9,1516.2,1510.4,1509.6,1269,0
2020-03-04,22:59:00,1510.2,1512,1511.1,1509.7,514,0
2020-03-04,23:59:00,1510.9,1517.9,1517.3,1510.9,1137,0
2020-03-05,00:59:00,1517.2,1517.3,1511.6,1511.6,844,0
2020-03-05,01:59:00,1511.5,1512.2,1511.8,1507.7,1211,0
2020-03-05,02:59:00,1511.5,1511.6,1505.5,1504.7,1608,0
2020-03-05,03:59:00,1505.3,1505.3,1500.6,1498.2,2314,0
2020-03-05,04:59:00,1500.5,1500.7,1494.2,1492.1,3255,0
2020-03-05,05:59:00,1494.5,1499.6,1498.1,1492.7,3750,0
2020-03-05,06:59:00,1498,1500.6,1497.9,1495.2,3629,0
2020-03-05,07:59:00,1498,1498.1,1494.4,1487.5,5534,0
2020-03-05,08:59:00,1494.3,1504.2,1488.7,1485.7,26626,0
2020-03-05,09:59:00,1488.6,1502.6,1489.2,1486.2,26030,0
2020-03-05,10:59:00,1489.2,1502.7,1490.4,1487.3,19543,0
2020-03-05,11:59:00,1490.4,1492.8,1474.5,1471.1,20868,0
2020-03-05,12:59:00,1474.4,1483.1,1476.3,1470.3,22046,0
2020-03-05,13:59:00,1476.2,1476.3,1470.1,1464.3,22676,0
2020-03-05,14:59:00,1469.8,1476.6,1476.3,1459.6,31851,0
2020-03-05,15:59:00,1476.2,1479.7,1479.7,1473.7,17982,0
2020-03-05,16:00:00,1479.4,1479.6,1479.5,1479.1,28,0
2020-03-05,17:59:00,1479.5,1481.1,1480.7,1476.5,1206,0
2020-03-05,18:59:00,1480.7,1485.4,1479.8,1475.4,2209,0
2020-03-05,19:59:00,1480.2,1480.3,1468.2,1467.9,2140,0
2020-03-05,20:59:00,1468.3,1468.6,1460.7,1460.3,2989,0
2020-03-05,21:59:00,1461.1,1465.1,1459,1458.3,1738,0
2020-03-05,22:59:00,1458.9,1462.1,1459.3,1457.8,953,0
2020-03-05,23:59:00,1459.3,1459.7,1459,1456,1128,0
2020-03-06,00:59:00,1458.8,1466.2,1460.7,1457.8,1680,0
2020-03-06,01:59:00,1461.3,1467.6,1463.2,1461.2,2417,0
2020-03-06,02:59:00,1463.5,1468.9,1463.4,1458.1,4722,0
2020-03-06,03:59:00,1463.1,1467.3,1450,1449.2,4091,0
2020-03-06,04:59:00,1449.8,1450.4,1444.8,1436.7,6778,0
2020-03-06,05:59:00,1444.9,1449,1445.4,1438.8,3261,0
2020-03-06,06:59:00,1445.2,1448.2,1434.7,1431,3502,0
2020-03-06,07:59:00,1435,1440.4,1432.6,1427.7,6408,0
2020-03-06,08:59:00,1432.7,1448.1,1442.1,1422.3,33384,0
2020-03-06,09:59:00,1442.2,1464.6,1458.6,1438.6,32214,0
2020-03-06,10:59:00,1458.6,1464.3,1445.3,1438.6,21593,0
2020-03-06,11:59:00,1445.1,1449.2,1438.9,1435.9,15412,0
2020-03-06,12:59:00,1438.8,1444.9,1430.2,1429.2,17696,0
2020-03-06,13:59:00,1430.1,1430.5,1417.5,1415.3,20173,0
2020-03-06,14:59:00,1417.6,1452.5,1448.7,1414.4,44794,0
2020-03-06,15:59:00,1448.6,1449.8,1443.3,1441.2,27128,0
2020-03-06,16:00:00,1443.2,1444.9,1444.9,1443.2,64,0
2020-03-08,17:59:00,1419.8,1419.8,1378.5,1376.1,5102,0
2020-03-08,18:59:00,1378.5,1384.1,1376.1,1376.1,2232,0
2020-03-08,19:59:00,1376.1,1387.2,1386,1376.1,3003,0
2020-03-08,20:59:00,1385.7,1387.4,1376.9,1376.3,2350,0
2020-03-08,21:38:00,1376.8,1377.3,1376.1,1376.1,219,0
2020-03-08,22:58:00,1376.1,1381.7,1376.1,1376.1,681,0
2020-03-08,23:11:00,1376.1,1376.1,1376.1,1376.1,25,0
2020-03-09,00:41:00,1376.1,1376.1,1376.1,1376.1,12,0
2020-03-09,01:59:00,1376.1,1376.1,1376.1,1376.1,18,0
2020-03-09,02:36:00,1376.1,1376.1,1376.1,1376.1,33,0
2020-03-09,03:58:00,1376.1,1376.1,1376.1,1376.1,156,0
2020-03-09,04:33:00,1376.1,1376.6,1376.1,1376.1,319,0
2020-03-09,05:59:00,1376.1,1376.4,1376.1,1376.1,411,0
2020-03-09,06:59:00,1376.1,1376.1,1376.1,1376.1,10,0
2020-03-09,07:57:00,1376.1,1376.1,1376.1,1376.1,175,0
2020-03-09,08:59:00,1376.1,1376.1,1351,1322,9726,0
2020-03-09,09:59:00,1350,1363,1337.7,1333.8,36660,0
2020-03-09,10:59:00,1337.6,1364,1360.3,1332.4,23035,0
2020-03-09,11:59:00,1360.1,1365,1341.3,1339.2,13781,0
2020-03-09,12:59:00,1341.5,1345.8,1319.4,1317.8,14639,0
2020-03-09,13:59:00,1319.5,1321.9,1318.5,1305.4,22516,0
2020-03-09,14:59:00,1318.3,1328.7,1310.2,1310.1,46603,0
2020-03-09,15:59:00,1310.2,1318.7,1302.7,1301.2,31742,0
2020-03-09,16:00:00,1302.5,1303.6,1302.3,1301.9,103,0
2020-03-09,17:59:00,1303,1318.1,1317.4,1289.5,3858,0
2020-03-09,18:59:00,1317.7,1342.7,1336.8,1316.7,5225,0
2020-03-09,19:59:00,1337,1346.5,1346.4,1326.4,2678,0
2020-03-09,20:59:00,1346.5,1354.7,1343.8,1342,2210,0
2020-03-09,21:59:00,1343.7,1347.7,1346.6,1339.8,993,0
2020-03-09,22:59:00,1347,1350.3,1349.4,1344.7,811,0
2020-03-09,23:59:00,1349.3,1354,1353.5,1345.9,1021,0
2020-03-10,00:59:00,1353.5,1363.2,1359.5,1352.7,995,0
2020-03-10,01:59:00,1359.8,1362,1360.7,1356,1216,0
2020-03-10,02:59:00,1360.4,1361,1346.8,1345.6,2240,0
2020-03-10,03:59:00,1346.8,1361.9,1361.8,1341.6,3203,0
2020-03-10,04:59:00,1361.8,1373.8,1371.6,1358.5,3942,0
2020-03-10,05:59:00,1371.4,1373.5,1369.1,1367.1,3132,0
2020-03-10,06:59:00,1368.9,1369.6,1360.7,1358.2,3163,0
2020-03-10,07:59:00,1360.6,1363.9,1353.8,1342.3,8405,0
2020-03-10,08:59:00,1353.7,1357.8,1336.5,1324.9,34513,0
2020-03-10,09:59:00,1336.5,1351.8,1318.6,1317.4,38882,0
2020-03-10,10:59:00,1318.6,1322.6,1295.7,1283.7,45494,0
2020-03-10,11:59:00,1295.5,1313.4,1311.3,1293,33112,0
2020-03-10,12:59:00,1311.3,1316.5,1297.6,1295.4,30375,0
2020-03-10,13:59:00,1297.8,1333.9,1329.6,1290.4,32597,0
2020-03-10,14:59:00,1329.8,1347.4,1346,1328.6,44724,0
2020-03-10,15:59:00,1346,1349.9,1342.6,1337.6,28114,0
2020-03-10,16:00:00,1342.5,1343.3,1343.1,1342.4,112,0
2020-03-10,17:59:00,1337.5,1340.7,1329.8,1327.9,3513,0
2020-03-10,18:59:00,1329.7,1331.7,1322.5,1318.1,2357,0
2020-03-10,19:59:00,1322.5,1328.9,1320,1315.3,2376,0
2020-03-10,20:59:00,1319.9,1326.5,1312.3,1307.4,2820,0
2020-03-10,21:59:00,1312.6,1317.8,1312.3,1306.1,2501,0
2020-03-10,22:59:00,1311.6,1316.5,1313.3,1307.7,1394,0
2020-03-10,23:59:00,1313.6,1313.6,1309.8,1309.2,751,0
2020-03-11,00:59:00,1310,1310,1301.2,1299,1264,0
2020-03-11,01:59:00,1301.3,1311.1,1300.5,1297.7,2034,0
2020-03-11,02:59:00,1300.1,1311.2,1309.2,1299.8,2772,0
2020-03-11,03:59:00,1309.2,1325,1322.1,1302.2,4546,0
2020-03-11,04:59:00,1322.3,1322.3,1313.9,1308.9,2490,0
2020-03-11,05:59:00,1313.7,1318.5,1314.4,1306.2,2599,0
2020-03-11,06:59:00,1313.8,1314.6,1308.4,1302.9,3426,0
2020-03-11,07:59:00,1308.6,1311.7,1298.6,1296.8,6216,0
2020-03-11,08:59:00,1298.7,1326.1,1304,1293.3,33518,0
2020-03-11,09:59:00,1303.8,1311.4,1292.3,1289.4,31160,0
2020-03-11,10:59:00,1292.4,1298,1283.2,1271.7,37296,0
2020-03-11,11:59:00,1282.9,1298.8,1280.5,1275,26250,0
2020-03-11,12:59:00,1280.2,1283,1277.1,1271.7,19306,0
2020-03-11,13:59:00,1277.1,1279.2,1264.8,1262.1,24128,0
2020-03-11,14:59:00,1264.8,1269.8,1264.4,1244.7,48007,0
2020-03-11,15:59:00,1264.3,1268.5,1262.7,1258.7,22302,0
2020-03-11,16:00:00,1262.9,1262.9,1262.9,1262.2,113,0
2020-03-11,17:59:00,1262.1,1276,1273.8,1260.2,2491,0
2020-03-11,18:59:00,1274.6,1274.8,1260.4,1256.6,3275,0
2020-03-11,19:59:00,1260.5,1263.5,1259.1,1250.9,2207,0
2020-03-11,20:59:00,1258.8,1260.9,1206.6,1206.6,7846,0
2020-03-11,21:59:00,1207,1217.4,1207.8,1197.8,4525,0
2020-03-11,22:59:00,1206.8,1210.8,1201.6,1199.2,1355,0
2020-03-11,23:59:00,1201.6,1226.8,1222.8,1201,1623,0
2020-03-12,00:59:00,1223.5,1224.1,1215.2,1210.9,1299,0
2020-03-12,01:59:00,1215.3,1216.9,1210.4,1208.1,2127,0
2020-03-12,02:59:00,1210.1,1218.3,1208.5,1200.4,2882,0
2020-03-12,03:59:00,1209.1,1216.5,1199.9,1197.7,3419,0
2020-03-12,04:59:00,1199.3,1210,1204.2,1197.7,1457,0
2020-03-12,05:59:00,1204,1205.7,1205.7,1197.7,2050,0
2020-03-12,06:59:00,1205.3,1206.8,1198.2,1197.7,2679,0
2020-03-12,07:53:00,1198.5,1200.2,1197.7,1197.7,825,0
2020-03-12,08:59:00,1197.7,1197.7,1158.4,1096.8,17002,0
2020-03-12,09:59:00,1158.6,1172.8,1167,1134.4,45489,0
2020-03-12,10:59:00,1167.3,1167.9,1131.1,1126.3,32237,0
2020-03-12,11:59:00,1131.2,1168.7,1168.3,1119.3,30394,0
2020-03-12,12:59:00,1167.9,1200.1,1147.2,1130.7,40054,0
2020-03-12,13:59:00,1146.9,1154.4,1132,1129,26541,0
2020-03-12,14:59:00,1132.1,1138.6,1114.6,1114.3,55572,0
2020-03-12,15:59:00,1114.6,1119.5,1096.7,1095.8,31696,0
2020-03-12,16:00:00,1097.3,1098.1,1097.7,1096.4,54,0
2020-03-12,17:59:00,1088.9,1114.7,1107.7,1084.1,2217,0
2020-03-12,18:59:00,1107.6,1110.5,1095,1090.7,1328,0
2020-03-12,19:59:00,1095,1108.4,1103.8,1094.4,801,0
2020-03-12,20:59:00,1103.5,1105.1,1090.6,1082.5,1915,0
2020-03-12,21:59:00,1089.8,1092.4,1081.7,1079.1,1543,0
2020-03-12,22:57:00,1081.8,1082.6,1073.8,1070.5,538,0
2020-03-12,23:59:00,1074.4,1119.1,1110.9,1073.4,1599,0
2020-03-13,00:59:00,1111.5,1143.4,1127.6,1111.5,2427,0
2020-03-13,01:59:00,1128.2,1128.2,1125.5,1108,1038,0
2020-03-13,02:59:00,1124.7,1159.9,1158.1,1119.3,2202,0
2020-03-13,03:59:00,1157.6,1162.7,1139.3,1130.9,2425,0
2020-03-13,04:59:00,1139.3,1160.5,1160.5,1133.9,3263,0
2020-03-13,05:59:00,1161.3,1169.8,1169.7,1154.5,2732,0
2020-03-13,06:59:00,1169.8,1169.8,1169,1165.1,2923,0
2020-03-13,07:59:00,1169,1169.8,1169.8,1168.9,142,0
2020-03-13,08:59:00,1169.8,1184.6,1141.4,1129.5,20564,0
2020-03-13,09:59:00,1141.3,1176.6,1135.4,1134.9,16403,0
2020-03-13,10:59:00,1135.6,1145.2,1115.4,1095.7,18886,0
2020-03-13,11:59:00,1115.2,1154.9,1148,1098.2,13054,0
2020-03-13,12:59:00,1146.7,1163.3,1162.1,1141.8,7806,0
2020-03-13,13:59:00,1162.1,1162.3,1151.3,1140.1,7817,0
2020-03-13,14:59:00,1151.5,1196.7,1195.7,1131.4,24041,0
2020-03-13,15:59:00,1196.1,1217.3,1195.8,1185.8,23761,0
2020-03-13,16:00:00,1195.1,1199.7,1199.7,1195,59,0
2020-03-15,17:57:00,1174.7,1188.6,1138.1,1138.1,4806,0
2020-03-15,19:42:00,1138.1,1138.1,1138.1,1138.1,2,0
2020-03-15,20:42:00,1138.1,1138.1,1138.1,1138.1,4,0
2020-03-15,21:23:00,1138.1,1138.1,1138.1,1138.1,1,0
2020-03-16,02:58:00,1138.1,1138.1,1138.1,1138.1,1,0
2020-03-16,04:31:00,1138.1,1138.1,1138.1,1138.1,2,0
2020-03-16,05:59:00,1138.1,1138.1,1138.1,1138.1,4,0
2020-03-16,07:58:00,1138.1,1138.1,1138.1,1138.1,23,0
2020-03-16,08:59:00,1138.1,1138.1,1069.3,1039.1,5035,0
2020-03-16,09:59:00,1069.9,1104,1084.6,1041.3,10464,0
2020-03-16,10:59:00,1084.7,1113.4,1086,1073.4,5409,0
2020-03-16,11:59:00,1086,1102.5,1067.5,1065.2,5992,0
2020-03-16,12:59:00,1067.7,1080.6,1068.9,1058,5741,0
2020-03-16,13:59:00,1069.3,1084,1082.9,1051,6684,0
2020-03-16,14:59:00,1082.2,1083.5,992.5,992.4,19079,0
2020-03-16,15:59:00,992.6,1047,1039.8,972.9,8023,0
2020-03-16,16:00:00,1040.9,1043.1,1032.6,1032.6,39,0
2020-03-16,17:58:00,1032,1043.5,1031,1026,692,0
2020-03-16,18:52:00,1031.3,1043.5,1043.5,1031.3,136,0
2020-03-16,19:24:00,1042.8,1043.3,1043,1038.5,250,0
2020-03-16,20:59:00,1043.5,1043.5,1043.5,1043.5,42,0
2020-03-16,21:30:00,1043.5,1043.5,1043.5,1043.5,2,0
2020-03-16,23:44:00,1043.5,1043.5,1043.5,1043.5,1,0
2020-03-17,00:39:00,1043.5,1043.5,1043.5,1043.5,1,0
2020-03-17,03:28:00,1043.5,1043.5,1043.5,1043.5,246,0
2020-03-17,04:59:00,1043.5,1043.5,1039,1024.8,2341,0
2020-03-17,05:58:00,1040,1043.5,1043.5,1032.9,486,0
2020-03-17,06:59:00,1043.5,1043.5,1040,1035.2,427,0
2020-03-17,07:59:00,1042.2,1043.5,1043.5,1033.8,308,0
2020-03-17,08:59:00,1043.5,1071.5,1011.1,1006.7,4809,0
2020-03-17,09:59:00,1011.2,1046,1022.4,1006.4,6191,0
2020-03-17,10:59:00,1023.1,1082.2,1081,1022.6,7973,0
2020-03-17,11:59:00,1081.3,1107.5,1062,1058.3,5479,0
2020-03-17,12:59:00,1061.8,1072.4,1068.4,1045.3,2542,0
2020-03-17,13:59:00,1070.1,1097.8,1078.1,1064.6,3211,0
2020-03-17,14:59:00,1077.6,1106.7,1089.6,1062.2,7505,0
2020-03-17,15:59:00,1089.6,1100.9,1076.3,1074.6,5799,0
2020-03-17,16:00:00,1076.3,1076.8,1075.4,1074.6,101,0
2020-03-17,17:59:00,1074.3,1076.2,1063.3,1057.6,838,0
2020-03-17,18:59:00,1064,1069.6,1045.6,1041,1146,0
2020-03-17,19:59:00,1045.9,1054.3,1037,1034,1420,0
2020-03-17,20:59:00,1036.9,1042,1039.5,1034,781,0
2020-03-17,21:59:00,1038.9,1056.3,1052.4,1035,582,0
2020-03-17,22:59:00,1051.9,1053.3,1034.2,1034.2,492,0
2020-03-17,23:54:00,1035.5,1040.4,1034,1034,174,0
2020-03-18,00:59:00,1034,1034,1034,1034,11,0
2020-03-18,01:43:00,1034,1034,1034,1034,58,0
2020-03-18,02:31:00,1034,1034,1034,1034,4,0
2020-03-18,03:22:00,1034,1034,1034,1034,2,0
2020-03-18,04:40:00,1034,1034,1034,1034,20,0
2020-03-18,06:51:00,1034,1034,1034,1034,20,0
2020-03-18,07:51:00,1034,1034,1034,1034,8,0
2020-03-18,08:59:00,1034,1058,1047.4,1011.9,19555,0
2020-03-18,09:59:00,1048.9,1066.4,1022.4,1020.9,17772,0
2020-03-18,10:59:00,1022.9,1031.5,1028.6,1000.9,19102,0
2020-03-18,11:58:00,1029.2,1031.9,991.5,985.9,20749,0
2020-03-18,12:59:00,988.7,1004.9,978.6,968,19222,0
2020-03-18,13:59:00,978.4,998.2,996.4,961.7,22767,0
2020-03-18,14:59:00,996.2,1000.4,981.4,959,62152,0
2020-03-18,15:59:00,981.5,1009.2,1008,976.6,27180,0
2020-03-18,16:00:00,1008.4,1009.3,1009,1006.9,158,0
2020-03-18,17:59:00,1005.3,1025.3,1021.8,993.1,4401,0
2020-03-18,18:59:00,1021.4,1035.5,1027.9,1006.3,4420,0
2020-03-18,19:59:00,1027,1032.9,1017.6,1014.5,2694,0
2020-03-18,20:59:00,1018.4,1023.5,1002.6,1001.7,2537,0
2020-03-18,21:59:00,1002.2,1002.7,962,961.2,3634,0
2020-03-18,22:59:00,961.5,973.2,952.8,951.3,2876,0
2020-03-18,23:59:00,952.7,965.7,957.4,948.5,1766,0
2020-03-19,00:59:00,956.8,974.4,972.3,956.8,1185,0
2020-03-19,01:59:00,972.3,993.2,990.7,968.6,1885,0
2020-03-19,02:59:00,990.7,1000.3,981.5,978.1,2491,0
2020-03-19,03:59:00,981.1,1006.6,1005.2,979.6,3503,0
2020-03-19,04:59:00,1005.5,1008,995.9,992,3427,0
2020-03-19,05:59:00,995.8,996.2,988.4,984.1,2452,0
2020-03-19,06:59:00,988.4,997.3,977.1,975.9,3073,0
2020-03-19,07:59:00,977.7,992.3,990.2,969.9,6346,0
2020-03-19,08:59:00,990.8,995.5,991.5,952.2,25572,0
2020-03-19,09:59:00,991.7,1038.3,1014.1,991,32006,0
2020-03-19,10:59:00,1014.3,1044.5,1031.2,1005.2,25392,0
2020-03-19,11:59:00,1031.4,1035.5,1029.3,1001,26568,0
2020-03-19,12:59:00,1029.5,1051.4,1038.5,1023.6,21600,0
2020-03-19,13:59:00,1038.3,1065.1,1055.2,1034.4,27346,0
2020-03-19,14:59:00,1055.2,1068.7,1044.9,1037.9,54753,0
2020-03-19,15:59:00,1044.9,1045.1,1026.2,1021,26503,0
2020-03-19,16:00:00,1026.4,1027.3,1027.3,1026.3,75,0
2020-03-19,17:59:00,1025.5,1025.7,1004.9,1004.5,3423,0
2020-03-19,18:59:00,1004.9,1020.4,1019.5,1001.6,2764,0
2020-03-19,19:59:00,1019.9,1023.5,1015,1010.7,3004,0
2020-03-19,20:59:00,1015,1035.7,1023.1,1011.6,3265,0
2020-03-19,21:59:00,1023.2,1034.2,1029,1019.3,2212,0
2020-03-19,22:59:00,1028.8,1032.3,1030.3,1023,1078,0
2020-03-19,23:59:00,1030.7,1045.3,1039.6,1029.1,1729,0
2020-03-20,00:59:00,1039.2,1041,1037.1,1034,1230,0
2020-03-20,01:59:00,1037.3,1057.7,1057.6,1036.1,1330,0
2020-03-20,02:59:00,1057.3,1071.7,1070.8,1051.6,3672,0
2020-03-20,03:59:00,1071,1091.2,1086.8,1069,6018,0
2020-03-20,04:59:00,1086.8,1093.6,1093.6,1082,3389,0
2020-03-20,05:59:00,1090.1,1093.6,1081.3,1076.3,2424,0
2020-03-20,06:59:00,1081.2,1081.4,1072.9,1057.3,4881,0
2020-03-20,07:59:00,1072.6,1079.1,1054,1052.2,5742,0
2020-03-20,08:59:00,1054,1076.8,1050.8,1035.4,29994,0
2020-03-20,09:59:00,1049.8,1084.2,1080.1,1042.1,19058,0
2020-03-20,10:59:00,1080.3,1085,1054.8,1041.4,19440,0
2020-03-20,11:59:00,1055.1,1057.2,1048.4,1021.1,28176,0
2020-03-20,12:59:00,1048.7,1064.4,1053.8,1046.5,18406,0
2020-03-20,13:59:00,1053.4,1059.3,1018,1013.4,21405,0
2020-03-20,14:59:00,1017.9,1033.7,1012,1003.1,46057,0
2020-03-20,15:59:00,1012,1020.4,995.9,994.3,30722,0
2020-03-20,16:00:00,995.8,998.4,997.8,995.7,124,0
2020-03-22,17:58:00,979,979,962.4,962.4,630,0
2020-03-22,18:59:00,962.4,975.5,964.5,962.4,1310,0
2020-03-22,19:58:00,964.7,972.8,962.4,962.4,2086,0
2020-03-22,20:59:00,962.4,968.6,968.6,962.4,395,0
2020-03-22,21:59:00,967.4,970,968.2,962.4,1047,0
2020-03-22,22:59:00,968,982,970.7,968,1039,0
2020-03-22,23:58:00,970.8,974.9,973.5,967.2,249,0
2020-03-23,00:59:00,976.4,976.4,969,962.4,685,0
2020-03-23,01:59:00,968.7,980,973.1,966.5,1176,0
2020-03-23,02:59:00,973,984.3,972.2,968.1,2826,0
2020-03-23,03:59:00,972.1,980.2,974.8,968.7,2267,0
2020-03-23,04:59:00,974.5,990.5,987.1,973.4,1950,0
2020-03-23,05:59:00,987.5,992.6,990.8,982.1,1418,0
2020-03-23,06:59:00,990.8,992.4,984.4,978.6,2060,0
2020-03-23,07:59:00,984.7,1063.8,1060.9,984,18633,0
2020-03-23,08:59:00,1060.8,1063.8,1017.5,977.3,24563,0
2020-03-23,09:59:00,1017.2,1021.5,995.5,991.5,19313,0
2020-03-23,10:59:00,996,1001.5,973.8,958.9,19022,0
2020-03-23,11:59:00,973.5,1014,1012,965.5,26421,0
2020-03-23,12:59:00,1011.8,1014.7,991,979.8,17312,0
2020-03-23,13:59:00,991.1,1015.3,997.8,978.6,20476,0
2020-03-23,14:59:00,997.6,1009.5,1008.4,975.2,33640,0
2020-03-23,15:59:00,1008.3,1009,1000.9,986.2,22863,0
2020-03-23,16:00:00,1000.8,1001.7,1001.7,1000.8,31,0
2020-03-23,17:59:00,1006.6,1021,1013.7,1004.2,1547,0
2020-03-23,18:59:00,1014.1,1025.8,1016.4,1012.9,1461,0
2020-03-23,19:59:00,1015.7,1019.1,1018.4,1008.3,2132,0
2020-03-23,20:59:00,1018.7,1038.2,1037.8,1016.7,3105,0
2020-03-23,21:59:00,1038.1,1045.3,1043.9,1033.1,2759,0
2020-03-23,22:59:00,1043.9,1044.6,1026.6,1023.3,2202,0
2020-03-23,23:59:00,1026.7,1037,1036.1,1024.2,1668,0
2020-03-24,00:59:00,1035.3,1041.1,1037.4,1029,2009,0
2020-03-24,01:59:00,1037.7,1052.1,1047.6,1035.8,3244,0
2020-03-24,02:59:00,1047.7,1049.8,1047,1041.6,1880,0
2020-03-24,03:59:00,1046.6,1054.9,1044.1,1039.4,2936,0
2020-03-24,04:59:00,1044.1,1054.9,1054.9,1042,2035,0
2020-03-24,05:57:00,1054.9,1054.9,1054.9,1054.9,224,0
2020-03-24,06:59:00,1054.9,1054.9,1041.7,1040.5,2945,0
2020-03-24,07:59:00,1041.5,1047.3,1043.1,1029.4,5443,0
2020-03-24,08:59:00,1043.1,1081.9,1056,1039.7,24188,0
2020-03-24,09:59:00,1056,1074.8,1058.3,1047,27513,0
2020-03-24,10:59:00,1058.5,1077.6,1075.5,1051,16535,0
2020-03-24,11:59:00,1075.7,1085.8,1067.7,1067.3,18273,0
2020-03-24,12:59:00,1068.1,1072.8,1057.1,1050.7,16971,0
2020-03-24,13:59:00,1057.2,1077.3,1077,1042.8,16286,0
2020-03-24,14:59:00,1076.8,1094.7,1094.1,1070.5,32917,0
2020-03-24,15:59:00,1094,1105.3,1096.4,1086.3,26721,0
2020-03-24,16:00:00,1096.2,1096.7,1096.7,1095.3,98,0
2020-03-24,17:59:00,1096.5,1109.6,1107.5,1090.4,2857,0
2020-03-24,18:59:00,1107.5,1107.5,1086.7,1083.2,3407,0
2020-03-24,19:59:00,1086.8,1090.1,1079.4,1073.1,3642,0
2020-03-24,20:59:00,1079.3,1088.8,1079.1,1077,3160,0
2020-03-24,21:59:00,1079,1080.8,1077.3,1070.5,2359,0
2020-03-24,22:59:00,1077.4,1077.9,1072.9,1067.4,2427,0
2020-03-24,23:59:00,1073.1,1077.3,1075.5,1064.4,2181,0
2020-03-25,00:59:00,1075.3,1088.7,1088,1065.2,3025,0
2020-03-25,01:59:00,1087.6,1093,1089.8,1077.7,1250,0
2020-03-25,02:59:00,1089.9,1105,1104.5,1088.5,1984,0
2020-03-25,03:59:00,1104.4,1114.5,1114.1,1097.6,2549,0
2020-03-25,04:59:00,1113.8,1126.7,1112.1,1110.2,4635,0
2020-03-25,05:59:00,1112.3,1115.1,1073.4,1073.2,5397,0
2020-03-25,06:59:00,1073.5,1084.5,1071.1,1063.9,8183,0
2020-03-25,07:59:00,1071.1,1085.8,1083.2,1070.8,6745,0
2020-03-25,08:59:00,1083.2,1125,1083.8,1074.6,24937,0
2020-03-25,09:59:00,1084.1,1089.6,1088.4,1062.8,23278,0
2020-03-25,10:59:00,1088.2,1099.5,1096.5,1083.1,12361,0
2020-03-25,11:59:00,1096.2,1128.4,1116.4,1095.2,13650,0
2020-03-25,12:59:00,1116.2,1145.1,1125.7,1115,12119,0
2020-03-25,13:59:00,1125.2,1135.3,1132.3,1111.6,10547,0
2020-03-25,14:59:00,1132.2,1137.7,1103.2,1100.3,37052,0
2020-03-25,15:59:00,1103.2,1107.9,1096.6,1090.5,20104,0
2020-03-25,16:00:00,1096.6,1097,1096.6,1096.3,70,0
2020-03-25,17:59:00,1099,1105.9,1098.8,1094.5,1540,0
2020-03-25,18:59:00,1098.8,1099.6,1097.4,1091.4,1142,0
2020-03-25,19:59:00,1097.5,1109.8,1099.4,1094,2141,0
2020-03-25,20:59:00,1099.4,1099.5,1086.1,1081.1,3147,0
2020-03-25,21:59:00,1085.5,1090.1,1086.8,1076.8,2378,0
2020-03-25,22:59:00,1087.4,1096.4,1090.6,1079,2582,0
2020-03-25,23:59:00,1090.3,1090.9,1086.3,1081.3,1652,0
2020-03-26,00:59:00,1085.5,1089.2,1079.9,1076.4,1554,0
2020-03-26,01:59:00,1080.3,1084.4,1078.4,1076.8,1846,0
2020-03-26,02:59:00,1078.3,1081.3,1069.2,1068.7,1989,0
2020-03-26,03:59:00,1069.4,1082.3,1075.4,1069.2,3015,0
2020-03-26,04:59:00,1075.5,1081.8,1077.1,1069.6,1996,0
2020-03-26,05:59:00,1076.9,1087.8,1084,1074.5,1977,0
2020-03-26,06:59:00,1084,1089.5,1081.7,1078.7,4470,0
2020-03-26,07:59:00,1081.9,1102.6,1100.4,1069,8695,0
2020-03-26,08:59:00,1100,1149.5,1146.7,1095.7,23138,0
2020-03-26,09:59:00,1146.3,1169.1,1160.4,1142.2,26372,0
2020-03-26,10:59:00,1160.4,1180.3,1168.5,1152.8,18689,0
2020-03-26,11:59:00,1168.8,1176.7,1168.9,1156.3,11472,0
2020-03-26,12:59:00,1169,1175,1151.8,1146.5,16268,0
2020-03-26,13:59:00,1151.8,1166.3,1163.7,1142.7,15701,0
2020-03-26,14:59:00,1163.7,1179.7,1173.4,1152.4,30729,0
2020-03-26,15:59:00,1173.3,1175.8,1171.2,1165,20862,0
2020-03-26,16:00:00,1171.1,1172,1172,1171,52,0
2020-03-26,17:59:00,1176.4,1176.9,1164.8,1164,2426,0
2020-03-26,18:59:00,1164.8,1171.8,1170.3,1162.2,1567,0
2020-03-26,19:59:00,1170.6,1172.6,1155.1,1154.2,1690,0
2020-03-26,20:59:00,1155.1,1156,1150.1,1144.1,2102,0
2020-03-26,21:59:00,1151,1151.3,1139.2,1137.6,1630,0
2020-03-26,22:59:00,1138.4,1153.8,1153,1137.9,2349,0
2020-03-26,23:59:00,1152.9,1153,1142.8,1141.4,542,0
2020-03-27,00:59:00,1143.2,1150.6,1150.5,1137.9,670,0
2020-03-27,01:59:00,1150.7,1160.5,1151.2,1150,1294,0
2020-03-27,02:59:00,1151.1,1153.4,1143.9,1141.9,1110,0
2020-03-27,03:59:00,1143.9,1151.7,1143,1141.9,1154,0
2020-03-27,04:59:00,1142.8,1147.8,1136.1,1136.1,1094,0
2020-03-27,05:59:00,1136,1143.2,1132,1131.3,1819,0
2020-03-27,06:59:00,1132,1138.9,1125.8,1123.8,4540,0
2020-03-27,07:59:00,1126,1136.8,1123.6,1119.8,4958,0
2020-03-27,08:59:00,1123.5,1140,1129.8,1111.8,26525,0
2020-03-27,09:59:00,1129.9,1135.1,1128.6,1119.1,16009,0
2020-03-27,10:59:00,1129,1143.2,1127.4,1121.1,14609,0
2020-03-27,11:59:00,1127.1,1142.1,1138.7,1122.3,10360,0
2020-03-27,12:59:00,1138.5,1155.9,1147.3,1133.1,14528,0
2020-03-27,13:59:00,1147.3,1149.5,1148.3,1137.9,12138,0
2020-03-27,14:59:00,1148.3,1164.1,1126.3,1124.8,29760,0
2020-03-27,15:59:00,1126.4,1132.2,1121.1,1116.5,19024,0
2020-03-27,16:00:00,1121.6,1121.6,1120.1,1118.7,149,0
2020-03-29,17:59:00,1095,1117.8,1104.3,1086.3,3571,0
2020-03-29,18:59:00,1103.7,1117.1,1114.5,1101.3,1901,0
2020-03-29,19:59:00,1114,1124,1118,1112.7,2123,0
2020-03-29,20:59:00,1117.6,1121,1118,1112.8,777,0
2020-03-29,21:59:00,1118.5,1125.9,1121.4,1117.4,1162,0
2020-03-29,22:59:00,1121.2,1130.7,1129.4,1118.5,1007,0
2020-03-29,23:59:00,1130,1140.5,1139.6,1128.9,796,0
2020-03-30,00:59:00,1139.4,1150,1147.9,1136.2,1185,0
2020-03-30,01:59:00,1147.4,1148.7,1135.2,1130.4,1017,0
2020-03-30,02:59:00,1134.6,1142.2,1115.5,1113.6,2118,0
2020-03-30,03:59:00,1114.7,1125.5,1119.2,1111.9,2090,0
2020-03-30,04:59:00,1119.2,1126.9,1118.4,1113.9,1096,0
2020-03-30,05:59:00,1117.7,1127.6,1127.3,1117.7,462,0
2020-03-30,06:59:00,1126.9,1135,1132.5,1122.3,2254,0
2020-03-30,07:59:00,1132.1,1141.6,1141.3,1128.6,3133,0
2020-03-30,08:59:00,1141.3,1142.9,1120,1111.7,18736,0
2020-03-30,09:59:00,1120.4,1141.7,1130.8,1117.9,18737,0
2020-03-30,10:59:00,1130.8,1148.5,1146.6,1129.3,14395,0
2020-03-30,11:59:00,1146.5,1152.2,1146.2,1140.3,11165,0
2020-03-30,12:59:00,1146,1147.5,1137.5,1135.4,11493,0
2020-03-30,13:59:00,1137.4,1142.5,1139.3,1124.5,13508,0
2020-03-30,14:59:00,1139.2,1157.5,1154.8,1137.2,23582,0
2020-03-30,15:59:00,1154.7,1157.5,1153.3,1149.5,15650,0
2020-03-30,16:00:00,1153.3,1153.7,1152.7,1152.4,67,0
2020-03-30,17:59:00,1152.8,1158.7,1153.4,1151.7,1121,0
2020-03-30,18:59:00,1153.6,1157.7,1155.6,1151.6,519,0
2020-03-30,19:59:00,1155.5,1159.7,1153.3,1153.3,871,0
2020-03-30,20:59:00,1153.1,1163.8,1159.4,1152.5,893,0
2020-03-30,21:58:00,1158.7,1161.1,1159.9,1157.1,179,0
2020-03-30,22:53:00,1158.5,1159.2,1155.1,1153.6,153,0
2020-03-30,23:59:00,1154.5,1154.5,1148.7,1144.7,493,0
2020-03-31,00:59:00,1148.5,1154,1149.7,1144.3,358,0
2020-03-31,01:59:00,1149.7,1159.7,1159.6,1143.3,1657,0
2020-03-31,02:59:00,1159.9,1163.5,1159.7,1153.8,1652,0
2020-03-31,03:59:00,1159.2,1163.6,1158.9,1156.6,1361,0
2020-03-31,04:59:00,1158.8,1161.9,1159.8,1155.6,534,0
2020-03-31,05:59:00,1159.6,1159.6,1152.4,1150.3,1137,0
2020-03-31,06:59:00,1152.3,1152.4,1150.3,1146.1,1449,0
2020-03-31,07:59:00,1150.5,1150.6,1145.7,1138.5,2428,0
2020-03-31,08:59:00,1145.7,1159.1,1152.2,1143.8,15656,0
2020-03-31,09:59:00,1152.4,1166.9,1160.1,1148.7,18643,0
2020-03-31,10:59:00,1160.1,1163,1158.4,1154.1,14975,0
2020-03-31,11:59:00,1158.5,1160.3,1143.3,1140.3,12462,0
2020-03-31,12:59:00,1143.3,1146,1141.6,1130.3,13801,0
2020-03-31,13:59:00,1141.7,1148.4,1144.4,1138,10142,0
2020-03-31,14:59:00,1144.5,1148,1143.4,1123.9,44158,0
2020-03-31,15:59:00,1143.3,1151,1136.3,1135.3,29665,0
2020-03-31,16:00:00,1136.2,1136.5,1135.7,1135.6,134,0
2020-03-31,17:59:00,1136.3,1137.5,1126.9,1123,2493,0
2020-03-31,18:59:00,1126.9,1128.1,1119,1118.4,2295,0
2020-03-31,19:59:00,1118.9,1125.5,1125,1115.6,1587,0
2020-03-31,20:59:00,1124.6,1125.2,1122.1,1118.4,1045,0
2020-03-31,21:59:00,1122.7,1124,1119.8,1118.1,804,0
2020-03-31,22:59:00,1119.9,1119.9,1113.1,1112,676,0
2020-03-31,23:59:00,1113.3,1114.4,1111.4,1108.1,919,0
2020-04-01,00:59:00,1111.5,1112,1094.9,1090.7,2584,0
2020-04-01,01:59:00,1095.4,1096.6,1093.3,1089.9,1893,0
2020-04-01,02:58:00,1093.2,1100.9,1089.9,1089.9,3346,0
2020-04-01,03:59:00,1089.9,1090.9,1089.9,1089.9,410,0
2020-04-01,04:59:00,1089.9,1095.5,1094.1,1089.9,1793,0
2020-04-01,05:59:00,1094,1096.4,1089.9,1089.9,624,0
2020-04-01,06:59:00,1089.9,1092.6,1089.9,1089.9,598,0
2020-04-01,07:59:00,1089.9,1094.2,1090.7,1089.9,1684,0
2020-04-01,08:59:00,1090.4,1102.5,1089.8,1084.5,22792,0
2020-04-01,09:59:00,1090,1108,1100.2,1088.3,24719,0
2020-04-01,10:59:00,1100.1,1108,1094.6,1091,17675,0
2020-04-01,11:59:00,1094.3,1094.6,1071.9,1067.8,18528,0
2020-04-01,12:59:00,1072,1082.8,1082.1,1069,13805,0
2020-04-01,13:59:00,1081.9,1082.8,1073.1,1067.9,17899,0
2020-04-01,14:59:00,1073.2,1076.6,1068,1059.2,30596,0
2020-04-01,15:59:00,1068,1072,1071.3,1065.8,20043,0
2020-04-01,16:00:00,1071.4,1071.4,1070.9,1070.7,55,0
2020-04-01,17:59:00,1070.2,1076.5,1070.7,1068.9,1194,0
2020-04-01,18:59:00,1070.4,1075.9,1074.7,1068.4,633,0
2020-04-01,19:59:00,1074.6,1077.9,1075.9,1072.8,930,0
2020-04-01,20:59:00,1075.6,1077.7,1075.9,1069.8,574,0
2020-04-01,21:59:00,1076,1084.7,1083.2,1076,377,0
2020-04-01,22:59:00,1083.6,1086.1,1082.1,1081.9,192,0
2020-04-01,23:59:00,1081.9,1084.3,1079,1078.6,273,0
2020-04-02,00:59:00,1078.9,1081.2,1080.2,1073.6,485,0
2020-04-02,01:59:00,1080.7,1087.3,1086.7,1080.4,779,0
2020-04-02,02:59:00,1086.9,1091.3,1088.3,1084.6,1619,0
2020-04-02,03:59:00,1088.2,1093.5,1087.4,1087.2,822,0
2020-04-02,04:59:00,1087.5,1089,1085.7,1083.6,1355,0
2020-04-02,05:59:00,1085.4,1086.1,1082.8,1081.2,1542,0
2020-04-02,06:59:00,1082.6,1084.7,1084.4,1078.9,2321,0
2020-04-02,07:59:00,1084.2,1085.4,1071.4,1065.4,6474,0
2020-04-02,08:59:00,1071.5,1080.2,1072,1053.4,24460,0
2020-04-02,09:59:00,1072,1108.2,1093.2,1070.7,27607,0
2020-04-02,10:59:00,1093.3,1097.6,1096.6,1078.4,21946,0
2020-04-02,11:59:00,1096.6,1098.8,1085.7,1081.6,11808,0
2020-04-02,12:59:00,1085.5,1090.1,1069.9,1066.9,13859,0
2020-04-02,13:59:00,1070.1,1071.5,1064,1049.8,27489,0
2020-04-02,14:59:00,1064.2,1082.2,1080.4,1062.3,27149,0
2020-04-02,15:59:00,1080.4,1086.6,1079.4,1079.2,14258,0
2020-04-02,16:00:00,1079.6,1079.9,1079.1,1078.8,92,0
2020-04-02,17:59:00,1079.2,1081.1,1078.9,1075.3,1392,0
2020-04-02,18:59:00,1079.2,1080.8,1073.7,1071.6,837,0
2020-04-02,19:59:00,1073.7,1077.5,1068.7,1067.9,991,0
2020-04-02,20:59:00,1068.8,1073.7,1072.1,1066.4,578,0
2020-04-02,21:59:00,1072.8,1073.7,1070.9,1066.3,383,0
2020-04-02,22:56:00,1070.9,1070.9,1066.5,1065.8,125,0
2020-04-02,23:58:00,1066.8,1066.8,1062.5,1062,195,0
2020-04-03,00:59:00,1063.7,1068.7,1067.8,1059.6,281,0
2020-04-03,01:59:00,1068.7,1072.3,1070.5,1065.5,617,0
2020-04-03,02:59:00,1070.6,1072,1070.4,1062,1442,0
2020-04-03,03:59:00,1070.1,1071.6,1064.6,1060.7,1062,0
2020-04-03,04:59:00,1064.6,1067.1,1065.7,1060.4,738,0
2020-04-03,05:59:00,1065.6,1067.8,1065.9,1063,1011,0
2020-04-03,06:59:00,1066,1078.2,1076.5,1063.7,2862,0
2020-04-03,07:59:00,1076.5,1080,1069.9,1061.6,5193,0
2020-04-03,08:59:00,1070.1,1084.6,1078.2,1066,17875,0
2020-04-03,09:59:00,1078.2,1080.8,1060.2,1055.8,17759,0
2020-04-03,10:59:00,1060.4,1064.1,1050.3,1044.2,17362,0
2020-04-03,11:59:00,1050,1051.2,1045.2,1039.4,13587,0
2020-04-03,12:59:00,1044.8,1045,1034.9,1029.7,16704,0
2020-04-03,13:59:00,1034.7,1045.3,1043.8,1032.3,12097,0
2020-04-03,14:59:00,1044,1050.9,1049.2,1035.2,23109,0
2020-04-03,15:59:00,1049.2,1054.6,1048.2,1048.2,15506,0
2020-04-03,16:00:00,1048.5,1051.6,1050.3,1048.2,236,0
2020-04-05,17:59:00,1049.1,1071.6,1061.4,1049.1,3247,0
2020-04-05,18:59:00,1061.3,1065.1,1063.7,1060.1,1084,0
2020-04-05,19:59:00,1063.7,1089.3,1081.3,1063.7,4514,0
2020-04-05,20:59:00,1081.1,1084.5,1081.3,1075.1,1201,0
2020-04-05,21:59:00,1081.6,1086.6,1085.9,1079.6,1040,0
2020-04-05,22:59:00,1086.3,1091,1090.2,1084.3,933,0
2020-04-05,23:59:00,1090.2,1092.9,1091.4,1088.1,436,0
2020-04-06,00:59:00,1091.1,1099.2,1096.2,1088.7,1031,0
2020-04-06,01:59:00,1096.4,1099.5,1093.3,1091.7,1079,0
2020-04-06,02:59:00,1093.2,1099.8,1098.8,1091.1,2057,0
2020-04-06,03:59:00,1098.4,1098.6,1096,1091,773,0
2020-04-06,04:59:00,1096,1101.9,1099.9,1093.6,1119,0
2020-04-06,05:59:00,1100.1,1100.7,1098.1,1094.8,662,0
2020-04-06,06:59:00,1097.9,1098.3,1096.7,1094.6,1290,0
2020-04-06,07:59:00,1096.7,1098.6,1097,1091.2,2535,0
2020-04-06,08:59:00,1096.8,1118.6,1117.1,1093.1,21123,0
2020-04-06,09:59:00,1117.1,1127,1114.2,1111,22580,0
2020-04-06,10:59:00,1114.3,1122.9,1119.9,1110.4,14550,0
2020-04-06,11:59:00,1119.8,1126.7,1119.8,1117.8,11667,0
2020-04-06,12:59:00,1119.7,1122.5,1119.3,1116,8365,0
2020-04-06,13:59:00,1119.5,1120,1118,1110,8227,0
2020-04-06,14:59:00,1117.9,1138,1134.2,1114.3,28897,0
2020-04-06,15:59:00,1134.3,1134.3,1125.5,1124.9,19031,0
2020-04-06,16:00:00,1125.6,1126.6,1125.7,1125.3,132,0
2020-04-06,17:59:00,1125.8,1126.6,1122.2,1119.7,1748,0
2020-04-06,18:59:00,1121.6,1131.8,1130.6,1121.3,2276,0
2020-04-06,19:59:00,1130.6,1134.4,1127.4,1123.8,1370,0
2020-04-06,20:59:00,1127.5,1129,1119.4,1118,784,0
2020-04-06,21:59:00,1119,1122.3,1122.3,1115.4,573,0
2020-04-06,22:59:00,1122.3,1122.9,1113.3,1110.9,768,0
2020-04-06,23:59:00,1113.6,1121.8,1121.8,1113,480,0
2020-04-07,00:59:00,1121.8,1132.2,1129.1,1120.3,905,0
2020-04-07,01:59:00,1129.5,1149.5,1149.5,1128.2,2330,0
2020-04-07,02:59:00,1149.5,1163.3,1157.9,1145,3941,0
2020-04-07,03:59:00,1156.8,1165.3,1155.9,1155.7,2285,0
2020-04-07,04:59:00,1155.7,1162,1158.2,1154.5,2483,0
2020-04-07,05:59:00,1158.3,1171.3,1167,1157.5,4248,0
2020-04-07,06:59:00,1166.9,1167.3,1158.1,1158.1,3409,0
2020-04-07,07:59:00,1158.4,1168.4,1166.3,1157.9,4633,0
2020-04-07,08:59:00,1166.1,1190.4,1188.6,1162.2,35440,0
2020-04-07,09:59:00,1188.7,1190.4,1153.4,1140.8,27657,0
2020-04-07,10:59:00,1153.4,1170.2,1159.5,1146.8,21179,0
2020-04-07,11:59:00,1159.6,1174.1,1168.2,1159.1,11553,0
2020-04-07,12:59:00,1168.2,1168.9,1155.4,1150.4,12759,0
2020-04-07,13:59:00,1155,1155.2,1131.6,1127.9,16590,0
2020-04-07,14:59:00,1131.7,1145.8,1136.3,1127.6,24305,0
2020-04-07,15:59:00,1136.3,1136.4,1122.8,1121.6,15361,0
2020-04-07,16:00:00,1122.7,1123.3,1123.3,1122.6,43,0
2020-04-07,17:59:00,1125.1,1126.3,1120.7,1118.1,1432,0
2020-04-07,18:59:00,1121,1132.9,1130.5,1120.5,879,0
2020-04-07,19:59:00,1130.6,1130.8,1119.7,1117.3,1150,0
2020-04-07,20:59:00,1118.6,1129.5,1122.3,1117.6,788,0
2020-04-07,21:59:00,1122,1129,1121.6,1121.1,423,0
2020-04-07,22:59:00,1121.6,1126.8,1126.4,1119.5,382,0
2020-04-07,23:59:00,1127,1135.1,1134.6,1124.4,559,0
2020-04-08,00:59:00,1134.4,1143.9,1139.5,1133,998,0
2020-04-08,01:59:00,1139.6,1141.2,1126.3,1117.8,1803,0
2020-04-08,02:59:00,1126.5,1133.6,1131.9,1123.4,1628,0
2020-04-08,03:59:00,1133,1133.2,1125.9,1119.9,1171,0
2020-04-08,04:59:00,1125.5,1130,1125.4,1122.7,806,0
2020-04-08,05:59:00,1125.6,1134.1,1133.5,1124.2,759,0
2020-04-08,06:59:00,1133.6,1141.2,1139.3,1132.1,2077,0
2020-04-08,07:59:00,1139.4,1146.1,1144.6,1137.2,2983,0
2020-04-08,08:59:00,1144.6,1162.7,1147.2,1143.4,20897,0
2020-04-08,09:59:00,1147.2,1164.3,1163.1,1139.2,14598,0
2020-04-08,10:59:00,1163.3,1182.9,1173.9,1161.4,19646,0
2020-04-08,11:59:00,1174.2,1191.3,1185.5,1170.4,17029,0
2020-04-08,12:59:00,1185.4,1190.8,1177.1,1175.6,14401,0
2020-04-08,13:59:00,1176.9,1193.8,1191.1,1175.2,13527,0
2020-04-08,14:59:00,1191.1,1197.3,1187.2,1181.6,31352,0
2020-04-08,15:59:00,1187.2,1187.9,1183.7,1181.5,15156,0
2020-04-08,16:00:00,1183.6,1184.7,1184.2,1183.6,61,0
2020-04-08,17:59:00,1183.7,1184.9,1182.4,1180.4,572,0
2020-04-08,18:59:00,1182.5,1190.8,1189.5,1181.4,688,0
2020-04-08,19:59:00,1189.5,1190.6,1187.1,1185.5,480,0
2020-04-08,20:59:00,1187.1,1188.8,1179.1,1177.9,898,0
2020-04-08,21:59:00,1178.9,1181.4,1176.9,1174.7,427,0
2020-04-08,22:59:00,1176.9,1181.3,1180.3,1175.9,266,0
2020-04-08,23:59:00,1180,1185.1,1183.6,1177.3,575,0
2020-04-09,00:59:00,1183.2,1186.4,1181.5,1178.7,861,0
2020-04-09,01:59:00,1182.2,1189.7,1189.5,1182.1,725,0
2020-04-09,02:59:00,1189.5,1200,1197.6,1189.2,2296,0
2020-04-09,03:59:00,1197.9,1199,1183.8,1183.7,1665,0
2020-04-09,04:59:00,1183.8,1185.3,1179.2,1178,1713,0
2020-04-09,05:59:00,1179.6,1183.2,1178,1175.9,1377,0
2020-04-09,06:59:00,1177.5,1185.1,1176.7,1171.5,3035,0
2020-04-09,07:59:00,1176.2,1209,1207.2,1167.7,9534,0
2020-04-09,08:59:00,1207.3,1250.2,1249.7,1207,49490,0
2020-04-09,09:59:00,1249.8,1250.1,1235.5,1220.2,44039,0
2020-04-09,10:59:00,1235.7,1240.7,1238.8,1223.1,24226,0
2020-04-09,11:59:00,1239,1246.7,1246.1,1235.9,16338,0
2020-04-09,12:59:00,1246.2,1250.9,1247.3,1242.6,18101,0
2020-04-09,13:59:00,1247.4,1247.5,1222,1218.1,27850,0
2020-04-09,14:59:00,1221.9,1247.8,1244.6,1221.7,39026,0
2020-04-09,15:59:00,1244.5,1246.6,1246.6,1240.4,16898,0
2020-04-09,16:00:00,1246.7,1249.2,1248.9,1246.7,131,0
2020-04-12,17:59:00,1265,1265.6,1224.5,1213,4666,0
2020-04-12,18:58:00,1224.4,1230,1223.4,1219.3,907,0
2020-04-12,19:59:00,1222.2,1225.8,1218.3,1216.1,428,0
2020-04-12,20:59:00,1218.2,1224.2,1222.5,1216.8,593,0
2020-04-12,21:58:00,1222.5,1227.2,1224,1222,190,0
2020-04-12,22:59:00,1224.8,1225.3,1220.7,1218,173,0
2020-04-12,23:59:00,1220.1,1222,1222,1218.6,107,0
2020-04-13,00:59:00,1221.7,1223.6,1218.7,1218.2,194,0
2020-04-13,01:59:00,1219.1,1227.2,1224.2,1218.3,337,0
2020-04-13,02:59:00,1224,1224.7,1219.8,1219.3,287,0
2020-04-13,03:59:00,1220,1220.4,1217.4,1214.5,1084,0
2020-04-13,04:59:00,1217.2,1219.3,1215.8,1215.1,1051,0
2020-04-13,05:59:00,1215.6,1219.1,1214.7,1211.9,1817,0
2020-04-13,06:59:00,1214.5,1228.8,1228,1214.3,1913,0
2020-04-13,07:59:00,1228.2,1237.3,1231,1226.1,3021,0
2020-04-13,08:59:00,1231.2,1239.6,1214.5,1207.1,18013,0
2020-04-13,09:59:00,1214.4,1228.4,1205.5,1203.2,18360,0
2020-04-13,10:59:00,1205.7,1212.4,1210,1196,14998,0
2020-04-13,11:59:00,1210.1,1220.2,1203.8,1202.1,14615,0
2020-04-13,12:59:00,1203.7,1209.9,1206.4,1195.1,12693,0
2020-04-13,13:59:00,1206.5,1210.4,1205.6,1197.8,13197,0
2020-04-13,14:59:00,1206.1,1214.8,1210.2,1199.9,24064,0
2020-04-13,15:59:00,1210.2,1217.8,1216,1207.1,16206,0
2020-04-13,16:00:00,1216,1216.9,1216.8,1216,83,0
2020-04-13,17:59:00,1216,1221.8,1220.2,1215.5,1008,0
2020-04-13,18:59:00,1220.3,1220.8,1220.3,1218.4,403,0
2020-04-13,19:59:00,1220.4,1220.9,1217.8,1213.5,897,0
2020-04-13,20:59:00,1218.3,1234.3,1232.4,1217.2,779,0
2020-04-13,21:59:00,1232.7,1237.6,1235.9,1230.7,1054,0
2020-04-13,22:59:00,1235.8,1238.1,1237.5,1234.8,573,0
2020-04-13,23:57:00,1237.7,1245,1244,1236.9,795,0
2020-04-14,00:59:00,1244,1245.5,1237.7,1237.7,355,0
2020-04-14,01:59:00,1238.1,1239.3,1238.5,1232.9,1578,0
2020-04-14,02:59:00,1238.6,1239.9,1233.4,1232.7,1480,0
2020-04-14,03:59:00,1233.5,1234.7,1229.6,1228.1,1449,0
2020-04-14,04:59:00,1229.9,1237.5,1233,1229.9,1506,0
2020-04-14,05:59:00,1233.5,1235.7,1232.1,1228.7,1200,0
2020-04-14,06:59:00,1231.6,1236.9,1235.7,1229,1380,0
2020-04-14,07:59:00,1235.4,1241.1,1239.5,1232.7,2869,0
2020-04-14,08:59:00,1239.4,1248.8,1245.2,1236,21341,0
2020-04-14,09:59:00,1245.3,1253.8,1228.1,1226.9,22108,0
2020-04-14,10:59:00,1228.2,1232.1,1224.7,1216.8,20382,0
2020-04-14,11:59:00,1224.6,1235,1226.1,1224,10661,0
2020-04-14,12:59:00,1226.1,1237.1,1236.9,1224,11942,0
2020-04-14,13:59:00,1236.9,1239.4,1232.4,1230.2,10705,0
2020-04-14,14:59:00,1232.3,1238.9,1233.9,1226.5,18186,0
2020-04-14,15:59:00,1233.9,1237.8,1237,1232.2,10305,0
2020-04-14,16:00:00,1236.9,1236.9,1236.4,1235.9,67,0
2020-04-14,17:58:00,1237.1,1237.1,1234.3,1233.7,770,0
2020-04-14,18:59:00,1234.3,1235.2,1231.3,1230.5,475,0
2020-04-14,19:59:00,1231.3,1231.8,1227.3,1225.5,711,0
2020-04-14,20:57:00,1226.9,1227.3,1226.1,1223,633,0
2020-04-14,21:59:00,1226.5,1227.8,1221.9,1221.3,418,0
2020-04-14,22:58:00,1222,1226.3,1224.7,1222,375,0
2020-04-14,23:59:00,1224.8,1228.7,1226.5,1223.5,315,0
2020-04-15,00:59:00,1226.8,1229.1,1221.5,1219.7,687,0
2020-04-15,01:59:00,1220.7,1226.3,1221.4,1219.5,855,0
2020-04-15,02:59:00,1221,1223.9,1208.7,1207.8,2678,0
2020-04-15,03:59:00,1209,1212.7,1206.4,1204.3,2357,0
2020-04-15,04:59:00,1206.1,1206.8,1202.6,1201.8,1483,0
2020-04-15,05:59:00,1202.9,1206.9,1203.1,1198.7,2200,0
2020-04-15,06:59:00,1203.1,1206.2,1203.4,1201.4,2708,0
2020-04-15,07:59:00,1203.3,1204,1182.9,1179.3,6332,0
2020-04-15,08:59:00,1182.6,1191.6,1185.9,1176.8,26466,0
2020-04-15,09:59:00,1186,1186.1,1181.8,1172,21217,0
2020-04-15,10:59:00,1181.9,1184.4,1176,1173.2,16443,0
2020-04-15,11:59:00,1175.9,1184,1182.5,1170.1,12825,0
2020-04-15,12:59:00,1182.3,1191.3,1183.6,1179.4,11367,0
2020-04-15,13:59:00,1183.7,1195.3,1194.4,1183.1,9643,0
2020-04-15,14:59:00,1194.3,1195.3,1179.1,1177.5,22311,0
2020-04-15,15:59:00,1179.1,1183.5,1178.9,1177.8,14452,0
2020-04-15,16:00:00,1178.9,1179.3,1178.8,1178.8,55,0
2020-04-15,17:59:00,1177.7,1181,1170.9,1170.5,1387,0
2020-04-15,18:59:00,1171.1,1172.6,1169.6,1169.1,1001,0
2020-04-15,19:59:00,1169.5,1176.7,1168.2,1164.6,1570,0
2020-04-15,20:59:00,1168.3,1176.2,1171.2,1168.2,711,0
2020-04-15,21:59:00,1171.5,1175.4,1171.5,1169.5,466,0
2020-04-15,22:59:00,1171.2,1174.5,1173.5,1168.3,227,0
2020-04-15,23:59:00,1172.6,1177.9,1176.9,1172.6,362,0
2020-04-16,00:59:00,1176.9,1185.4,1185.3,1174.1,744,0
2020-04-16,01:59:00,1185.5,1195.5,1193.6,1182.4,1334,0
2020-04-16,02:59:00,1193.5,1197,1195.2,1187.6,2127,0
2020-04-16,03:59:00,1195.4,1197.5,1192.1,1191.8,1980,0
2020-04-16,04:59:00,1192.2,1192.2,1186.1,1184.8,1250,0
2020-04-16,05:59:00,1186.4,1190.9,1188.7,1182.1,1086,0
2020-04-16,06:59:00,1189.1,1189.9,1180.5,1180.4,2175,0
2020-04-16,07:59:00,1180.7,1193,1184.3,1176,6058,0
2020-04-16,08:59:00,1184.2,1188.5,1168.6,1167.9,20128,0
2020-04-16,09:59:00,1168.7,1179,1178.6,1157.2,31420,0
2020-04-16,10:59:00,1178.4,1180.4,1168.4,1162.7,23340,0
2020-04-16,11:59:00,1168.5,1170,1153.8,1148.5,21292,0
2020-04-16,12:59:00,1153.7,1160.5,1154.5,1152.3,15927,0
2020-04-16,13:59:00,1154.4,1165.1,1161.3,1151.9,16351,0
2020-04-16,14:59:00,1161.3,1174.1,1174,1156.2,23779,0
2020-04-16,15:59:00,1174,1203.7,1203.7,1168.9,19711,0
2020-04-16,16:00:00,1203.7,1207.2,1206.8,1203.7,434,0
2020-04-16,17:59:00,1231.8,1232.3,1232.3,1223.1,6705,0
2020-04-16,18:59:00,1232.3,1232.3,1232.3,1230,1229,0
2020-04-16,19:57:00,1232.3,1232.3,1232.3,1225.2,2581,0
2020-04-16,20:46:00,1232.3,1232.3,1232.3,1232.3,76,0
2020-04-16,21:54:00,1232.3,1232.3,1232.3,1232.3,11,0
2020-04-16,22:44:00,1232.3,1232.3,1232.3,1232.3,44,0
2020-04-16,23:40:00,1232.3,1232.3,1232.3,1232.3,20,0
2020-04-17,00:58:00,1232.3,1232.3,1232.3,1232.3,24,0
2020-04-17,01:59:00,1232.3,1232.3,1229.8,1226.5,1663,0
2020-04-17,02:59:00,1228.8,1229.5,1228.4,1224,4335,0
2020-04-17,03:59:00,1228.6,1232.3,1229.4,1228.3,1748,0
2020-04-17,04:59:00,1229.6,1232.3,1231.5,1226.4,1126,0
2020-04-17,05:54:00,1231.7,1232.3,1232.3,1231.6,64,0
2020-04-17,06:58:00,1232.3,1232.3,1232.3,1230.8,380,0
2020-04-17,07:59:00,1232.3,1232.3,1226.1,1224.9,2400,0
2020-04-17,08:59:00,1226.4,1227.9,1226.7,1211.4,30466,0
2020-04-17,09:59:00,1226.8,1229.5,1212,1204.4,27287,0
2020-04-17,10:59:00,1211.9,1219.3,1216.7,1208,13823,0
2020-04-17,11:59:00,1216.8,1224.8,1222.3,1214.6,15012,0
2020-04-17,12:59:00,1222.1,1223.9,1216.4,1214.6,10017,0
2020-04-17,13:59:00,1216.4,1217.8,1217.2,1212.2,8733,0
2020-04-17,14:59:00,1217.1,1231.9,1223.8,1216.1,20119,0
2020-04-17,15:59:00,1223.9,1226.4,1223.4,1222.4,15680,0
2020-04-17,16:00:00,1223.3,1223.5,1222.1,1221.1,465,0
2020-04-19,17:59:00,1221.1,1223.4,1211.9,1206.8,2265,0
2020-04-19,18:59:00,1211.8,1213.9,1211.6,1209.7,1462,0
2020-04-19,19:59:00,1211.6,1226.4,1224.1,1211.4,1632,0
2020-04-19,20:59:00,1224.1,1224.4,1218.3,1212.6,1372,0
2020-04-19,21:59:00,1218.3,1222.8,1221.2,1216.5,704,0
2020-04-19,22:59:00,1221.1,1227,1225.2,1220.4,370,0
2020-04-19,23:58:00,1225,1227,1223.1,1222.6,194,0
2020-04-20,00:59:00,1223.4,1223.8,1218.9,1216.6,362,0
2020-04-20,01:59:00,1218.9,1219.8,1218.5,1214,377,0
2020-04-20,02:59:00,1219.2,1220.2,1216.8,1211.7,1499,0
2020-04-20,03:59:00,1217.3,1218.6,1215.7,1213.1,773,0
2020-04-20,04:59:00,1215.8,1218.2,1211.4,1211.4,924,0
2020-04-20,05:59:00,1211.3,1211.7,1199.7,1199.4,2460,0
2020-04-20,06:59:00,1199.7,1203.2,1191.9,1190.8,3912,0
2020-04-20,07:59:00,1192.1,1197.8,1194.5,1190.8,3381,0
2020-04-20,08:59:00,1194.5,1217,1211.6,1192.9,23010,0
2020-04-20,09:59:00,1211.5,1228.7,1225.4,1208.8,18185,0
2020-04-20,10:59:00,1225.5,1233.5,1228.6,1220.5,13767,0
2020-04-20,11:59:00,1228.6,1231.7,1227.6,1225.3,12344,0
2020-04-20,12:59:00,1227.6,1227.8,1222.9,1218.4,6922,0
2020-04-20,13:59:00,1222.8,1223.9,1200.6,1199.8,12959,0
2020-04-20,14:59:00,1200.6,1214.2,1213.4,1198.7,20806,0
2020-04-20,15:59:00,1213.4,1214,1211.9,1205.7,13322,0
2020-04-20,16:00:00,1211.7,1211.7,1210.6,1210.3,34,0
2020-04-20,17:59:00,1208,1218,1216.6,1208,1027,0
2020-04-20,18:59:00,1217.1,1219.4,1214,1211.1,653,0
2020-04-20,19:59:00,1214.4,1218.4,1214.1,1208.1,723,0
2020-04-20,20:59:00,1214.7,1222.6,1212.3,1211.8,650,0
2020-04-20,21:59:00,1212.3,1215.5,1197.1,1186.5,1996,0
2020-04-20,22:58:00,1197.2,1199.3,1194.9,1192.5,474,0
2020-04-20,23:59:00,1195.8,1200.5,1197.8,1193.8,260,0
2020-04-21,00:59:00,1197.9,1201.2,1196.6,1194.8,362,0
2020-04-21,01:59:00,1196.5,1204.6,1202.5,1196.4,681,0
2020-04-21,02:59:00,1202.4,1205.8,1192.5,1189.5,1727,0
2020-04-21,03:59:00,1192.6,1198.7,1192.5,1191.6,1887,0
2020-04-21,04:59:00,1192.6,1194.2,1177.1,1176.6,3915,0
2020-04-21,05:59:00,1177.5,1183,1176.3,1171.2,4077,0
2020-04-21,06:59:00,1176.6,1179.6,1174,1171.1,3181,0
2020-04-21,07:59:00,1174.1,1175.1,1167.7,1167.7,4410,0
2020-04-21,08:59:00,1167.7,1194.9,1193.3,1164.6,28301,0
2020-04-21,09:59:00,1193.3,1196.5,1180.7,1180.2,22397,0
2020-04-21,10:59:00,1180.4,1181.1,1177.3,1169.6,20528,0
2020-04-21,11:59:00,1177.4,1179,1177.1,1168.5,9535,0
2020-04-21,12:59:00,1176.9,1186.1,1178.1,1175.6,10519,0
2020-04-21,13:59:00,1178.2,1189.5,1180.7,1176.6,11579,0
2020-04-21,14:59:00,1181,1192.2,1183.7,1177.5,26156,0
2020-04-21,15:59:00,1183.8,1185.8,1180.6,1179.7,13968,0
2020-04-21,16:00:00,1180.5,1183,1182.8,1180.4,98,0
2020-04-21,17:59:00,1184.4,1191.2,1187.6,1184.4,1201,0
2020-04-21,18:59:00,1187.7,1191.2,1190.9,1183.1,599,0
2020-04-21,19:59:00,1190.9,1195.1,1180.2,1174.3,2256,0
2020-04-21,20:59:00,1179.9,1185.7,1183.3,1178.3,690,0
2020-04-21,21:59:00,1182.8,1186.5,1186.4,1180.1,217,0
2020-04-21,22:59:00,1186.4,1186.7,1182.5,1179,511,0
2020-04-21,23:59:00,1181.6,1185.1,1178,1175.7,447,0
2020-04-22,00:59:00,1178.1,1189.5,1188.9,1177.8,392,0
2020-04-22,01:59:00,1188.7,1195.2,1191.8,1184.3,1142,0
2020-04-22,02:59:00,1192.2,1196.1,1193.3,1188.4,1089,0
2020-04-22,03:59:00,1192.8,1200,1199.6,1191.4,1440,0
2020-04-22,04:59:00,1199.6,1206.4,1202.8,1198.9,2470,0
2020-04-22,05:59:00,1202.8,1203.3,1201.2,1197.3,1568,0
2020-04-22,06:59:00,1201.3,1202.5,1199.7,1196.1,1801,0
2020-04-22,07:59:00,1199.5,1206.7,1206.6,1192.9,3780,0
2020-04-22,08:59:00,1206.7,1214,1197.5,1193.9,19737,0
2020-04-22,09:59:00,1197.5,1204.9,1195.9,1191.3,15617,0
2020-04-22,10:59:00,1195.9,1205.5,1202.3,1195.8,10461,0
2020-04-22,11:59:00,1202.4,1205.7,1195.4,1194.2,10646,0
2020-04-22,12:59:00,1195.3,1200.6,1198.5,1191.5,8716,0
2020-04-22,13:59:00,1198.5,1203,1201,1197.1,7050,0
2020-04-22,14:59:00,1200.9,1208.3,1198.4,1198.2,16635,0
2020-04-22,15:59:00,1198.3,1198.4,1195.9,1192.5,13847,0
2020-04-22,16:00:00,1196,1196.1,1196.1,1195.8,8,0
2020-04-22,17:59:00,1197.1,1198.1,1190.2,1189.2,1274,0
2020-04-22,18:59:00,1190,1190.1,1188.7,1186,897,0
2020-04-22,19:59:00,1188.6,1192.6,1190.7,1185.4,874,0
2020-04-22,20:59:00,1190.6,1197.6,1191.8,1190.6,766,0
2020-04-22,21:59:00,1191.6,1191.9,1188.2,1186.5,385,0
2020-04-22,22:59:00,1188.1,1190.4,1188.3,1187.1,284,0
2020-04-22,23:59:00,1188.2,1195,1193,1188,382,0
2020-04-23,00:59:00,1193.1,1199.5,1196.6,1192.7,591,0
2020-04-23,01:59:00,1197.3,1205.2,1202.1,1193.5,847,0
2020-04-23,02:59:00,1201.9,1202.1,1191.8,1191.1,1084,0
2020-04-23,03:59:00,1191.9,1195.9,1192.5,1190,1137,0
2020-04-23,04:59:00,1192.6,1199.6,1198.8,1191.7,996,0
2020-04-23,05:59:00,1198.7,1199.1,1192.6,1192.6,728,0
2020-04-23,06:59:00,1192.6,1196.4,1195.1,1191.5,1824,0
2020-04-23,07:59:00,1195.2,1205.6,1204.3,1193.5,4507,0
2020-04-23,08:59:00,1204.4,1216.3,1209.6,1200.5,18531,0
2020-04-23,09:59:00,1209.6,1233.1,1229.1,1209.3,19194,0
2020-04-23,10:59:00,1228.8,1228.8,1220.7,1217.7,11733,0
2020-04-23,11:59:00,1220.8,1228.7,1215.7,1199.9,24732,0
2020-04-23,12:59:00,1216.2,1224.9,1209.9,1207.5,17784,0
2020-04-23,13:59:00,1210.1,1223.5,1221.8,1205.8,12146,0
2020-04-23,14:59:00,1221.8,1223.3,1210.1,1208.3,17428,0
2020-04-23,15:59:00,1210.1,1210.1,1206,1203.7,12421,0
2020-04-23,16:00:00,1206.1,1206.1,1205.5,1205.5,16,0
2020-04-23,17:59:00,1204,1207.2,1197.9,1195.1,2354,0
2020-04-23,18:59:00,1198,1199.3,1198.6,1196.2,970,0
2020-04-23,19:59:00,1198.5,1201.2,1192.3,1190.5,1508,0
2020-04-23,20:59:00,1192.2,1195.4,1191.7,1189.7,984,0
2020-04-23,21:59:00,1191.1,1196,1194.5,1190.3,717,0
2020-04-23,22:58:00,1194.4,1195.4,1194.5,1192.8,314,0
2020-04-23,23:59:00,1194.5,1197.8,1195.1,1194.4,340,0
2020-04-24,00:59:00,1194.8,1196.1,1193.4,1189,643,0
2020-04-24,01:59:00,1193.9,1202.2,1202.2,1191.1,839,0
2020-04-24,02:59:00,1201.8,1204.1,1202.5,1197.9,1040,0
2020-04-24,03:59:00,1202.9,1203.4,1203.1,1198.5,985,0
2020-04-24,04:59:00,1202.9,1214,1212.4,1202.9,1126,0
2020-04-24,05:59:00,1212.5,1217.2,1216.7,1210,1311,0
2020-04-24,06:59:00,1216.7,1218.2,1210.9,1210.8,1715,0
2020-04-24,07:59:00,1211,1218,1215.9,1207.2,3760,0
2020-04-24,08:59:00,1216.1,1223.8,1208.4,1208.2,16429,0
2020-04-24,09:59:00,1208.5,1216.7,1211,1205.3,13984,0
2020-04-24,10:59:00,1210.9,1212.5,1211.3,1204.7,8195,0
2020-04-24,11:59:00,1211.2,1216.2,1214.6,1209.2,6826,0
2020-04-24,12:59:00,1214.7,1224.5,1224.2,1213.3,8239,0
2020-04-24,13:59:00,1224.2,1229.9,1228.7,1223.3,9336,0
2020-04-24,14:59:00,1228.8,1237.4,1228.4,1227.5,22236,0
2020-04-24,15:59:00,1228.4,1230.6,1225.5,1223.7,20677,0
2020-04-24,16:00:00,1225.5,1225.6,1224.9,1224.7,99,0
2020-04-26,17:59:00,1226.6,1230.2,1219.5,1217.8,3031,0
2020-04-26,18:59:00,1219.6,1226.3,1222.7,1219,1041,0
2020-04-26,19:59:00,1222.8,1229.4,1229.1,1220.6,877,0
2020-04-26,20:59:00,1229,1233.4,1232.3,1225.7,767,0
2020-04-26,21:59:00,1231.8,1238.2,1237.5,1231.8,967,0
2020-04-26,22:59:00,1237.2,1243.6,1241.7,1236.8,2022,0
2020-04-26,23:59:00,1241.7,1249.1,1248.1,1241.7,1533,0
2020-04-27,00:59:00,1248.1,1252.4,1247.5,1245.5,1699,0
2020-04-27,01:59:00,1247.6,1247.8,1242,1240.6,2446,0
2020-04-27,02:59:00,1241.9,1249.3,1246.9,1240.9,3127,0
2020-04-27,03:59:00,1246.9,1247.8,1246.1,1241.3,2278,0
2020-04-27,04:59:00,1246.1,1248,1247.1,1243.3,1520,0
2020-04-27,05:59:00,1246.8,1246.8,1244.1,1243.3,1771,0
2020-04-27,06:59:00,1244.1,1249.4,1248.2,1243,3122,0
2020-04-27,07:59:00,1248.4,1252,1246.1,1245.8,3629,0
2020-04-27,08:59:00,1246.3,1261.2,1260.9,1242.4,23051,0
2020-04-27,09:59:00,1260.8,1267.5,1264.9,1255.3,20213,0
2020-04-27,10:59:00,1264.9,1275,1273.1,1261.3,17541,0
2020-04-27,11:59:00,1273.2,1282.7,1282.3,1270.8,16296,0
2020-04-27,12:59:00,1282.3,1283.3,1280.5,1273.9,16815,0
2020-04-27,13:59:00,1280.6,1286.2,1285.6,1278.9,12664,0
2020-04-27,14:59:00,1285.7,1289.3,1279.5,1279,20651,0
2020-04-27,15:59:00,1279.5,1279.6,1276.9,1274,16245,0
2020-04-27,16:00:00,1276.7,1276.7,1276.2,1276.1,95,0
2020-04-27,17:59:00,1277.5,1278.3,1275.9,1273.5,813,0
2020-04-27,18:59:00,1275.9,1279.6,1277.7,1275.7,556,0
2020-04-27,19:59:00,1277.8,1281.3,1277.1,1275.1,995,0
2020-04-27,20:59:00,1277.2,1278.3,1267.7,1266.9,1320,0
2020-04-27,21:59:00,1268.3,1271.2,1271.2,1266.5,641,0
2020-04-27,22:59:00,1270.8,1271.4,1267.6,1267.2,701,0
2020-04-27,23:59:00,1267.5,1269.4,1269.4,1264.8,476,0
2020-04-28,00:59:00,1269.6,1274.8,1273,1268.1,712,0
2020-04-28,01:59:00,1272.8,1275.4,1272.6,1270.7,679,0
2020-04-28,02:59:00,1272.4,1286.3,1285.1,1272.2,2381,0
2020-04-28,03:59:00,1285,1285.2,1278.7,1278.6,1908,0
2020-04-28,04:59:00,1278.9,1299.1,1298.7,1278.4,4135,0
2020-04-28,05:59:00,1299,1302.6,1297.8,1296.7,2674,0
2020-04-28,06:59:00,1297.8,1305.9,1304.6,1295.8,4481,0
2020-04-28,07:59:00,1304.7,1319.3,1318.7,1302.2,7641,0
2020-04-28,08:59:00,1318.6,1320.7,1312.6,1304.3,36613,0
2020-04-28,09:59:00,1312.5,1312.6,1279,1277,34737,0
2020-04-28,10:59:00,1278.9,1299.4,1292.3,1277.4,22969,0
2020-04-28,11:59:00,1292.4,1301,1300.9,1288.7,13825,0
2020-04-28,12:59:00,1300.8,1309.4,1305.1,1300.2,13702,0
2020-04-28,13:59:00,1305.4,1309.4,1301.1,1300.2,10684,0
2020-04-28,14:59:00,1301,1307.1,1297.7,1293.6,25651,0
2020-04-28,15:59:00,1297.6,1302.2,1298.5,1293.5,16470,0
2020-04-28,16:00:00,1298.3,1298.7,1298.2,1298.1,55,0
2020-04-28,17:59:00,1300.5,1302.1,1296.8,1294.6,1373,0
2020-04-28,18:59:00,1296.9,1304.5,1303.2,1295.1,1051,0
2020-04-28,19:59:00,1303.2,1307,1305.5,1302.7,650,0
2020-04-28,20:59:00,1305.6,1317.4,1311.9,1305.4,1722,0
2020-04-28,21:59:00,1311.9,1315.1,1314.6,1310.5,900,0
2020-04-28,22:59:00,1314.6,1314.8,1314,1310.9,506,0
2020-04-28,23:59:00,1313.8,1317.4,1316.4,1311.7,951,0
2020-04-29,00:58:00,1316.5,1316.6,1314.7,1311.7,657,0
2020-04-29,01:59:00,1315.3,1316.2,1310.4,1307.8,527,0
2020-04-29,02:59:00,1310.9,1315.5,1313.8,1307.2,1391,0
2020-04-29,03:59:00,1314.2,1314.4,1313,1309.5,788,0
2020-04-29,04:59:00,1312.7,1315.1,1311.5,1311,768,0
2020-04-29,05:59:00,1311.8,1312.2,1311.3,1307.2,1180,0
2020-04-29,06:59:00,1311.3,1313.4,1305.7,1305,1832,0
2020-04-29,07:59:00,1305.7,1343.1,1343.1,1305.7,14638,0
2020-04-29,08:59:00,1343.2,1345.4,1337.5,1323.3,32625,0
2020-04-29,09:59:00,1337.5,1350.9,1346.8,1330.4,23187,0
2020-04-29,10:59:00,1346.9,1359.8,1359.8,1342.9,23244,0
2020-04-29,11:59:00,1359.7,1370.6,1368.4,1358,24985,0
2020-04-29,12:59:00,1368.4,1372,1362.9,1360.2,20424,0
2020-04-29,13:59:00,1362.8,1374,1368.9,1357.1,30113,0
2020-04-29,14:59:00,1368.9,1371.6,1358.6,1356.3,27684,0
2020-04-29,15:59:00,1358.7,1367.5,1367.3,1356,16359,0
2020-04-29,16:00:00,1367.4,1368.6,1368.2,1367.4,80,0
2020-04-29,17:59:00,1368.5,1368.5,1364.8,1363.7,1199,0
2020-04-29,18:59:00,1364.7,1366.1,1363.4,1362.4,1061,0
2020-04-29,19:59:00,1363.4,1363.5,1355.9,1354.2,1352,0
2020-04-29,20:59:00,1355.8,1357.7,1355.6,1353.6,981,0
2020-04-29,21:59:00,1355.6,1361,1360.1,1355.1,642,0
2020-04-29,22:59:00,1360.2,1366.9,1366.4,1359.1,1025,0
2020-04-29,23:59:00,1366.4,1370.6,1369,1364.7,1481,0
2020-04-30,00:59:00,1369.2,1370.2,1369.2,1366.7,847,0
2020-04-30,01:59:00,1368.8,1368.8,1365.2,1361.2,1300,0
2020-04-30,02:59:00,1365.1,1368,1356.6,1356.6,3517,0
2020-04-30,03:59:00,1356.5,1362.7,1356.3,1355.4,1582,0
2020-04-30,04:59:00,1356.4,1360,1358.6,1355.1,1233,0
2020-04-30,05:59:00,1358.9,1361,1340.3,1332.9,4962,0
2020-04-30,06:59:00,1340.6,1344.8,1330.4,1330.3,6109,0
2020-04-30,07:59:00,1330.3,1340,1327.8,1323.1,7684,0
2020-04-30,08:59:00,1327.8,1327.8,1321.5,1311,38836,0
2020-04-30,09:59:00,1321.5,1332.7,1329.4,1317.9,29478,0
2020-04-30,10:59:00,1329.4,1333.9,1315.7,1313.7,17849,0
2020-04-30,11:59:00,1315.5,1319.2,1318.5,1306.8,14960,0
2020-04-30,12:59:00,1318.5,1319.4,1309.3,1308.7,9894,0
2020-04-30,13:59:00,1309.4,1317.9,1312,1308.2,10900,0
2020-04-30,14:59:00,1312.1,1317.1,1307.9,1307.8,31934,0
2020-04-30,15:59:00,1307.9,1310.6,1301.2,1297.6,29416,0
2020-04-30,16:00:00,1301.1,1303,1302.3,1301.1,63,0
2020-04-30,17:59:00,1297.5,1297.5,1289.4,1283,3024,0
2020-04-30,18:59:00,1289.3,1292.4,1292.3,1288,1154,0
2020-04-30,19:59:00,1292.4,1295.4,1294.5,1288.4,1197,0
2020-04-30,20:59:00,1294.3,1295.9,1293.5,1289,969,0
2020-04-30,21:59:00,1292.9,1294.5,1286.3,1285.9,953,0
2020-04-30,22:59:00,1286.5,1288.1,1286.3,1282.7,423,0
2020-04-30,23:59:00,1285.6,1290.2,1288.5,1285.6,291,0
2020-05-01,00:59:00,1288.2,1288.4,1285.3,1281.1,417,0
2020-05-01,01:59:00,1285.3,1286.8,1274,1272.3,1033,0
2020-05-01,02:59:00,1274,1277.1,1272,1267.1,1346,0
2020-05-01,03:59:00,1271.7,1275.3,1274.4,1266.5,1137,0
2020-05-01,04:59:00,1274.8,1274.8,1271.7,1268.8,765,0
2020-05-01,05:59:00,1271.7,1276.4,1273.7,1271.3,702,0
2020-05-01,06:59:00,1273.6,1274.8,1271.4,1266.5,1736,0
2020-05-01,07:59:00,1271.7,1274.3,1271.9,1267.2,2781,0
2020-05-01,08:59:00,1271.9,1280.1,1264.6,1263.3,23048,0
2020-05-01,09:59:00,1264.6,1271.8,1263.1,1259.4,24073,0
2020-05-01,10:59:00,1263,1263.2,1239.2,1236.5,19784,0
2020-05-01,11:59:00,1239.1,1249.4,1244.5,1238.2,20447,0
2020-05-01,12:59:00,1244.3,1247.1,1244,1238.8,11793,0
2020-05-01,13:59:00,1244.1,1252.2,1248.4,1242.2,11529,0
2020-05-01,14:59:00,1248.2,1256,1254.2,1247,36834,0
2020-05-01,15:59:00,1254.3,1258.8,1252.6,1251.4,18588,0
2020-05-01,16:00:00,1252.8,1253.9,1253,1252.7,62,0
2020-05-03,17:59:00,1236.8,1241.2,1225.6,1224,3703,0
2020-05-03,18:59:00,1225.8,1229.7,1222.4,1220.1,2056,0
2020-05-03,19:59:00,1222.5,1229,1225.1,1221.9,1445,0
2020-05-03,20:59:00,1225.2,1236.3,1236.3,1225.2,1568,0
2020-05-03,21:59:00,1236.2,1236.3,1235.3,1230.7,627,0
2020-05-03,22:59:00,1234.9,1245,1244.6,1234.8,1088,0
2020-05-03,23:59:00,1245.1,1246.1,1240.6,1238.4,698,0
2020-05-04,00:59:00,1241,1242.3,1236.2,1234.9,493,0
2020-05-04,01:59:00,1236.1,1250.6,1247.8,1234.8,1618,0
2020-05-04,02:59:00,1247.9,1250.6,1242.8,1235.9,2776,0
2020-05-04,03:59:00,1243,1246.3,1238.5,1236.5,1859,0
2020-05-04,04:59:00,1238.4,1238.4,1234.8,1229.2,2405,0
2020-05-04,05:59:00,1234.7,1243.1,1241.2,1234.5,2413,0
2020-05-04,06:59:00,1241.4,1245.3,1243.1,1238.2,2890,0
2020-05-04,07:59:00,1243,1246.3,1239.2,1238.7,3614,0
2020-05-04,08:59:00,1239.5,1252.5,1249.6,1226.4,24933,0
2020-05-04,09:59:00,1249.7,1263,1243.9,1240.4,21872,0
2020-05-04,10:59:00,1243.9,1248.9,1245.7,1239,13033,0
2020-05-04,11:59:00,1245.6,1253,1241.3,1241,10553,0
2020-05-04,12:59:00,1241.2,1245.9,1245.3,1235.6,7868,0
2020-05-04,13:59:00,1245.4,1251.1,1250.2,1243.1,10523,0
2020-05-04,14:59:00,1250.2,1261.8,1260.2,1250.2,19597,0
2020-05-04,15:59:00,1260.3,1263.5,1257.4,1254.4,11244,0
2020-05-04,16:00:00,1257.7,1258,1258,1257.6,15,0
2020-05-04,17:59:00,1256.5,1262.6,1259.2,1255.8,937,0
2020-05-04,18:59:00,1259.3,1261.2,1260.6,1258.1,359,0
2020-05-04,19:59:00,1260.3,1266,1265.7,1260.2,834,0
2020-05-04,20:59:00,1265.8,1274.2,1273.4,1265.8,1102,0
2020-05-04,21:59:00,1273.4,1274.8,1271.4,1268.7,947,0
2020-05-04,22:58:00,1271.3,1271.7,1269.7,1268.2,272,0
2020-05-04,23:59:00,1269.4,1273.7,1272,1269,288,0
2020-05-05,00:59:00,1271.9,1273.5,1272.2,1270.4,259,0
2020-05-05,01:59:00,1272.3,1276.8,1274.6,1270.7,869,0
2020-05-05,02:59:00,1274.9,1283.4,1282.5,1272.8,2168,0
2020-05-05,03:59:00,1282.4,1286.1,1262.5,1262.4,3501,0
2020-05-05,04:59:00,1262.9,1275,1274,1262,1443,0
2020-05-05,05:59:00,1274.1,1278.4,1273,1270.2,1389,0
2020-05-05,06:59:00,1273.2,1278.8,1277.9,1273.2,2019,0
2020-05-05,07:59:00,1277.8,1284.8,1282.6,1276.7,3213,0
2020-05-05,08:59:00,1282.6,1301.8,1301.7,1279.8,26832,0
2020-05-05,09:59:00,1301.6,1303.7,1288.3,1283.5,28622,0
2020-05-05,10:59:00,1288.4,1298.6,1294.8,1287.3,18054,0
2020-05-05,11:59:00,1294.9,1298.6,1288.3,1285.8,10380,0
2020-05-05,12:59:00,1288.4,1290.3,1286.2,1283,12236,0
2020-05-05,13:59:00,1286.3,1291.2,1288.9,1284.8,8964,0
2020-05-05,14:59:00,1289,1290,1271.4,1265,29334,0
2020-05-05,15:59:00,1271.4,1273,1268.2,1264.2,10123,0
2020-05-05,16:00:00,1268.5,1268.9,1268.7,1268.3,30,0
2020-05-05,17:59:00,1268,1277.8,1277.8,1267.3,2225,0
2020-05-05,18:59:00,1277.9,1278.2,1275.4,1272.8,965,0
2020-05-05,19:59:00,1275.5,1278.2,1261.2,1258.9,2684,0
2020-05-05,20:59:00,1261.4,1262.9,1260.9,1257.7,2295,0
2020-05-05,21:59:00,1260.8,1262.2,1262,1254.1,1808,0
2020-05-05,22:59:00,1261.9,1267.6,1265.8,1261.7,770,0
2020-05-05,23:58:00,1265.9,1266.9,1265,1262.7,331,0
2020-05-06,00:59:00,1265.9,1277.7,1277,1265.9,1313,0
2020-05-06,01:59:00,1276.9,1286.4,1282.3,1274.1,2537,0
2020-05-06,02:59:00,1282.1,1282.5,1277.9,1275.5,1511,0
2020-05-06,03:59:00,1278.1,1281.4,1276,1272.6,2464,0
2020-05-06,04:59:00,1275.6,1280.9,1279.4,1275.2,1681,0
2020-05-06,05:59:00,1279.6,1281.9,1280,1279,1269,0
2020-05-06,06:59:00,1279.9,1281.2,1275.3,1275.3,1411,0
2020-05-06,07:59:00,1275.4,1276.8,1273,1267.6,4169,0
2020-05-06,08:59:00,1273.1,1286.6,1264.1,1258.4,20836,0
2020-05-06,09:59:00,1264.2,1278,1271.4,1257.3,24986,0
2020-05-06,10:59:00,1271.4,1273.9,1263.9,1258.8,19087,0
2020-05-06,11:59:00,1263.7,1273.9,1271.6,1262.5,9848,0
2020-05-06,12:59:00,1271.5,1274.7,1273.1,1266,9091,0
2020-05-06,13:59:00,1273,1275.5,1273.9,1267.6,10510,0
2020-05-06,14:59:00,1273.9,1273.9,1260.1,1257,18802,0
2020-05-06,15:59:00,1260.2,1262.8,1256.3,1252.8,14864,0
2020-05-06,16:00:00,1256.3,1256.3,1255.2,1255.1,28,0
2020-05-06,17:59:00,1254,1257.2,1246.7,1245.6,2658,0
2020-05-06,18:59:00,1246.8,1253.5,1252.5,1246.8,964,0
2020-05-06,19:59:00,1252.6,1259.7,1257.3,1252.6,1412,0
2020-05-06,20:59:00,1257.9,1260.4,1255.3,1255.1,556,0
2020-05-06,21:58:00,1255.3,1258.7,1258.3,1254,408,0
2020-05-06,22:59:00,1258.2,1263.4,1261.2,1257.9,573,0
2020-05-06,23:59:00,1261.7,1265.7,1265,1260.9,490,0
2020-05-07,00:59:00,1264.8,1264.9,1262.2,1261.4,431,0
2020-05-07,01:59:00,1262.8,1270.2,1267.7,1262.8,694,0
2020-05-07,02:59:00,1267.3,1278.6,1272.9,1266.4,1545,0
2020-05-07,03:59:00,1272.8,1274.4,1273.9,1270.5,664,0
2020-05-07,04:59:00,1273.8,1281.6,1279.8,1273.1,1141,0
2020-05-07,05:59:00,1279.6,1282.5,1279.7,1277.6,1957,0
2020-05-07,06:59:00,1279.7,1284.9,1284,1277.3,3081,0
2020-05-07,07:59:00,1283.8,1283.8,1280.3,1277.4,3255,0
2020-05-07,08:59:00,1280.3,1288.8,1283.8,1274.2,24066,0
2020-05-07,09:59:00,1283.7,1285.4,1280.2,1269.3,26292,0
2020-05-07,10:59:00,1279.8,1289,1287.2,1277.2,15240,0
2020-05-07,11:59:00,1287.3,1288.7,1282.8,1278.6,12128,0
2020-05-07,12:59:00,1282.7,1288.2,1282.3,1279.7,12665,0
2020-05-07,13:59:00,1282.3,1285.2,1280.4,1275.6,10574,0
2020-05-07,14:59:00,1280.4,1284.7,1278.3,1275.5,19107,0
2020-05-07,15:59:00,1278.2,1287.9,1284,1277.6,10892,0
2020-05-07,16:00:00,1284.1,1284.4,1284.1,1284,42,0
2020-05-07,17:58:00,1284.2,1288.1,1286.8,1282.5,851,0
2020-05-07,18:59:00,1287.2,1292.4,1291.6,1284.1,1469,0
2020-05-07,19:59:00,1291.5,1298.4,1297.6,1290.3,1516,0
2020-05-07,20:59:00,1297.6,1300.9,1297,1296.2,1086,0
2020-05-07,21:59:00,1297,1303.6,1303.3,1296.3,1203,0
2020-05-07,22:59:00,1302.6,1306.7,1304.6,1302.5,756,0
2020-05-07,23:59:00,1304.7,1306,1304.5,1303.2,411,0
2020-05-08,00:59:00,1304.7,1308.1,1308.1,1304.2,364,0
2020-05-08,01:59:00,1308.2,1310.8,1300.8,1300.8,686,0
2020-05-08,02:59:00,1301,1303,1298.9,1297.9,811,0
2020-05-08,03:59:00,1299,1299.7,1299.6,1295,912,0
2020-05-08,04:59:00,1299.7,1301.9,1301.6,1298.2,364,0
2020-05-08,05:59:00,1301.7,1303.7,1302.3,1299.7,646,0
2020-05-08,06:59:00,1302.3,1302.9,1299.4,1299.1,1299,0
2020-05-08,07:59:00,1299.4,1309,1304.8,1297.3,6255,0
2020-05-08,08:59:00,1304.6,1314.8,1313.2,1296.2,22324,0
2020-05-08,09:59:00,1313.1,1318.4,1306.9,1306,24443,0
2020-05-08,10:59:00,1307.1,1320.4,1319.8,1304.7,17089,0
2020-05-08,11:59:00,1319.7,1321.9,1320.9,1316.8,10296,0
2020-05-08,12:59:00,1320.9,1322.7,1317.6,1312.6,9418,0
2020-05-08,13:59:00,1317.7,1324.5,1324.2,1315.6,11188,0
2020-05-08,14:59:00,1324.2,1329.6,1325.9,1322.7,28330,0
2020-05-08,15:59:00,1325.8,1330.8,1329.4,1325.6,17229,0
2020-05-08,16:00:00,1329.7,1330.8,1330.8,1329.5,16,0
2020-05-10,17:59:00,1327.1,1327.9,1326.7,1318,1657,0
2020-05-10,18:59:00,1326.7,1336.1,1335.5,1326,1626,0
2020-05-10,19:59:00,1335.6,1338.5,1336.7,1333.1,979,0
2020-05-10,20:59:00,1336.8,1341.7,1339.4,1333.5,1159,0
2020-05-10,21:59:00,1339,1340.2,1335.6,1335.6,915,0
2020-05-10,22:59:00,1336.4,1337.5,1336.9,1335.3,293,0
2020-05-10,23:59:00,1336.8,1339.5,1337.6,1335.3,450,0
2020-05-11,00:59:00,1337.7,1337.7,1331,1330.4,670,0
2020-05-11,01:59:00,1330.9,1334.5,1334.5,1328.7,953,0
2020-05-11,02:59:00,1334,1336.8,1334.7,1329.7,911,0
2020-05-11,03:59:00,1334.6,1334.8,1326.2,1324.4,1657,0
2020-05-11,04:59:00,1326.3,1326.7,1321.9,1319.6,2478,0
2020-05-11,05:59:00,1321.6,1324.3,1317,1313.6,2664,0
2020-05-11,06:59:00,1317.1,1319,1306.8,1305.9,3401,0
2020-05-11,07:59:00,1306.9,1309.3,1305.5,1299.3,6608,0
2020-05-11,08:59:00,1305.4,1312.8,1301.6,1300.5,20867,0
2020-05-11,09:59:00,1301.7,1308.8,1302.3,1297.3,22990,0
2020-05-11,10:59:00,1302.4,1313.6,1312.2,1301.3,21774,0
2020-05-11,11:59:00,1312.1,1328.9,1326.8,1311.3,13665,0
2020-05-11,12:59:00,1326.9,1333.7,1327.3,1325,17560,0
2020-05-11,13:59:00,1327.4,1329.5,1327,1321.3,12279,0
2020-05-11,14:59:00,1326.9,1329.3,1322.5,1318.5,25160,0
2020-05-11,15:59:00,1322.5,1322.9,1313.6,1312.3,20582,0
2020-05-11,16:00:00,1313.6,1314,1314,1313.6,53,0
2020-05-11,17:59:00,1314.5,1317.8,1315.8,1312,1677,0
2020-05-11,18:59:00,1315.6,1317.4,1312.4,1310.6,863,0
2020-05-11,19:59:00,1312.1,1313.6,1304.4,1303.2,1024,0
2020-05-11,20:58:00,1303.8,1308.2,1303.8,1300.8,832,0
2020-05-11,21:59:00,1303.9,1305.1,1300.7,1298.9,890,0
2020-05-11,22:59:00,1300.5,1305.1,1304.2,1296.7,1317,0
2020-05-11,23:59:00,1303.7,1308.9,1308.9,1303.6,609,0
2020-05-12,00:59:00,1308.5,1313.5,1309.8,1308,491,0
2020-05-12,01:59:00,1309.9,1309.9,1306.8,1301.5,569,0
2020-05-12,02:59:00,1306.5,1315.1,1313.5,1305.6,1001,0
2020-05-12,03:59:00,1313.7,1317.3,1316.2,1310.6,1212,0
2020-05-12,04:59:00,1316.5,1320.6,1319.8,1312.5,1238,0
2020-05-12,05:59:00,1319.7,1328.3,1323.3,1319.3,3012,0
2020-05-12,06:59:00,1323.5,1331.9,1330.2,1322.9,3436,0
2020-05-12,07:59:00,1330.5,1332.1,1328.4,1323.3,3619,0
2020-05-12,08:59:00,1328.5,1329.2,1306.7,1297.9,27180,0
2020-05-12,09:59:00,1306.7,1314.5,1310.7,1301.6,27899,0
2020-05-12,10:59:00,1310.6,1315,1312.5,1306.1,15061,0
2020-05-12,11:59:00,1312.5,1317.6,1315.9,1307,9887,0
2020-05-12,12:59:00,1315.8,1317.2,1310.1,1302.6,14062,0
2020-05-12,13:59:00,1310.1,1311.4,1300.3,1298.6,20540,0
2020-05-12,14:59:00,1300.2,1303.5,1273.6,1272.8,28160,0
2020-05-12,15:59:00,1273.6,1276.4,1255.5,1255.4,28074,0
2020-05-12,16:00:00,1255.5,1256.1,1255.3,1255.1,126,0
2020-05-12,17:59:00,1257.5,1263.4,1257.2,1250.6,3706,0
2020-05-12,18:59:00,1257.1,1260.8,1251.1,1250,2244,0
2020-05-12,19:59:00,1251.1,1258.9,1257.1,1247.3,1593,0
2020-05-12,20:59:00,1256.8,1259.1,1258.2,1253.4,742,0
2020-05-12,21:59:00,1257.7,1263.9,1261,1257.1,953,0
2020-05-12,22:59:00,1261.6,1264.2,1263.5,1259.4,488,0
2020-05-12,23:59:00,1263.8,1269.2,1268.9,1262,552,0
2020-05-13,00:59:00,1268.9,1269.8,1263.3,1259.7,780,0
2020-05-13,01:59:00,1262.9,1273.6,1273.3,1261.9,1295,0
2020-05-13,02:59:00,1273.2,1273.3,1265.2,1260.6,2016,0
2020-05-13,03:59:00,1265.5,1270.2,1262.1,1261.8,2108,0
2020-05-13,04:59:00,1262.2,1269.1,1268.2,1261.4,2790,0
2020-05-13,05:59:00,1268.2,1274.5,1270.6,1266.6,2183,0
2020-05-13,06:59:00,1270.8,1279.2,1277.8,1268.2,2857,0
2020-05-13,07:59:00,1278,1279.5,1270.6,1267.7,3698,0
2020-05-13,08:59:00,1270.6,1271.1,1256.2,1244.2,34648,0
2020-05-13,09:59:00,1256.7,1265.1,1246.5,1245.8,32573,0
2020-05-13,10:59:00,1246.4,1247.9,1223.3,1221.9,36275,0
2020-05-13,11:59:00,1223.2,1230.2,1224,1208.1,32760,0
2020-05-13,12:59:00,1224.1,1231.5,1223.2,1217.4,16109,0
2020-05-13,13:59:00,1223.1,1232.8,1225.1,1218.4,30611,0
2020-05-13,14:59:00,1225.2,1234.2,1231.2,1219.3,49414,0
2020-05-13,15:59:00,1231.2,1235.7,1234.9,1226.6,21852,0
2020-05-13,16:00:00,1234.9,1235.3,1234.9,1234.8,45,0
2020-05-13,17:59:00,1234.5,1238.5,1235,1231.9,1136,0
2020-05-13,18:59:00,1235.4,1239.1,1235.8,1232.6,2082,0
2020-05-13,19:59:00,1235.7,1236.1,1230.9,1224.6,2281,0
2020-05-13,20:59:00,1230.9,1234.3,1226.9,1224.4,768,0
2020-05-13,21:59:00,1226.9,1227.6,1225.3,1220,1223,0
2020-05-13,22:58:00,1225.3,1229.4,1227.1,1224.5,822,0
2020-05-13,23:59:00,1227.2,1231.9,1224.1,1223.9,787,0
2020-05-14,00:59:00,1224.4,1227.2,1221.8,1221.6,684,0
2020-05-14,01:59:00,1221.7,1223.2,1220.4,1217,1622,0
2020-05-14,02:59:00,1220.5,1231.8,1224.9,1220.1,2340,0
2020-05-14,03:59:00,1224.9,1228.2,1226.8,1221,3111,0
2020-05-14,04:59:00,1226.6,1230.1,1228,1224.1,998,0
2020-05-14,05:59:00,1228,1228.5,1219.6,1217.5,2864,0
2020-05-14,06:59:00,1219.5,1222.3,1210.7,1209.6,5119,0
2020-05-14,07:59:00,1210.7,1212.8,1197.1,1192.6,9876,0
2020-05-14,08:59:00,1197.1,1207.2,1182.4,1177.8,39976,0
2020-05-14,09:59:00,1182.2,1220.4,1210,1174.9,49353,0
2020-05-14,10:59:00,1209.8,1223.9,1209.2,1199.3,37962,0
2020-05-14,11:59:00,1209.3,1224.3,1222.1,1204.3,20966,0
2020-05-14,12:59:00,1221.9,1231.9,1218,1216.1,23641,0
2020-05-14,13:59:00,1218,1221.4,1218.3,1211,24103,0
2020-05-14,14:59:00,1218.3,1236.1,1233.2,1217,27399,0
2020-05-14,15:59:00,1233.1,1240.6,1236.2,1232.8,18458,0
2020-05-14,16:00:00,1236.2,1236.2,1235.4,1235.4,22,0
2020-05-14,17:59:00,1233.7,1237.1,1234.5,1232.5,769,0
2020-05-14,18:59:00,1234.2,1241.7,1241.1,1233.6,1297,0
2020-05-14,19:59:00,1241.3,1243.6,1234.6,1233.5,1293,0
2020-05-14,20:59:00,1235,1236,1230.4,1227.2,1231,0
2020-05-14,21:59:00,1230.8,1233.6,1232.5,1225,1300,0
2020-05-14,22:59:00,1232.2,1233.7,1233.5,1227.3,876,0
2020-05-14,23:59:00,1233.5,1237.4,1236.2,1231.5,704,0
2020-05-15,00:59:00,1236.3,1239.4,1233.2,1232.7,516,0
2020-05-15,01:59:00,1233,1234,1233.8,1230,449,0
2020-05-15,02:59:00,1233.1,1244.5,1243.3,1232.8,2626,0
2020-05-15,03:59:00,1243.4,1243.4,1242.3,1239.1,1403,0
2020-05-15,04:59:00,1242.4,1244.8,1238.3,1237.6,1468,0
2020-05-15,05:59:00,1239.2,1241.5,1224.6,1224.5,2496,0
2020-05-15,06:59:00,1224.5,1226.3,1217,1215.4,4657,0
2020-05-15,07:59:00,1217.2,1224.2,1222.7,1212.6,6489,0
2020-05-15,08:59:00,1222.3,1239.5,1235.7,1217.8,31846,0
2020-05-15,09:59:00,1235.5,1248.2,1242,1233.4,31603,0
2020-05-15,10:59:00,1241.9,1249,1244.9,1234.9,23095,0
2020-05-15,11:59:00,1245,1253.5,1246.5,1242.9,22007,0
2020-05-15,12:59:00,1246.3,1255.8,1254,1246.3,15040,0
2020-05-15,13:59:00,1254,1259.1,1250.8,1249.5,10720,0
2020-05-15,14:59:00,1250.9,1256,1253.8,1248.9,22613,0
2020-05-15,15:59:00,1253.7,1255.3,1251.4,1245.8,15929,0
2020-05-15,16:00:00,1251.7,1252.9,1252.9,1251.2,113,0
2020-05-17,17:59:00,1254.1,1272.6,1268.9,1247.5,4782,0
2020-05-17,18:59:00,1268.7,1273.1,1268.9,1267.3,2215,0
2020-05-17,19:59:00,1269,1270.4,1267.8,1265.8,819,0
2020-05-17,20:57:00,1267.8,1272.3,1269.2,1266.1,1174,0
2020-05-17,21:59:00,1269.2,1278.7,1277.1,1268,1401,0
2020-05-17,22:59:00,1277.3,1280,1275.7,1275.3,546,0
2020-05-17,23:59:00,1275.6,1277.5,1277,1274.5,704,0
2020-05-18,00:59:00,1277,1277.6,1271.6,1270.5,1047,0
2020-05-18,01:59:00,1271.6,1279.4,1277.5,1271.2,1456,0
2020-05-18,02:59:00,1277.5,1283.6,1282.2,1277.4,2953,0
2020-05-18,03:59:00,1282.1,1292.6,1289.4,1281.9,5708,0
2020-05-18,04:59:00,1289.8,1289.8,1287,1283.5,2883,0
2020-05-18,05:59:00,1286.9,1290.4,1288.9,1285,1931,0
2020-05-18,06:59:00,1289.2,1307.2,1304.8,1287.9,7889,0
2020-05-18,07:59:00,1305.1,1317,1317,1304.9,9214,0
2020-05-18,08:59:00,1317,1328.9,1320,1312.6,36121,0
2020-05-18,09:59:00,1320.1,1323.3,1319.6,1312.1,29872,0
2020-05-18,10:59:00,1319.6,1335,1327.7,1319,33944,0
2020-05-18,11:59:00,1327.7,1330.1,1322.6,1320.5,16304,0
2020-05-18,12:59:00,1322.2,1331.8,1328.3,1321.6,17466,0
2020-05-18,13:59:00,1328.2,1331.6,1328.1,1321.7,14299,0
2020-05-18,14:59:00,1328,1338.2,1330.2,1327.6,29162,0
2020-05-18,15:59:00,1330.3,1334.5,1331,1330,16897,0
2020-05-18,16:00:00,1331,1331.7,1330.6,1330.6,67,0
2020-05-18,17:59:00,1331.1,1336.7,1334.2,1329.1,1984,0
2020-05-18,18:59:00,1334.3,1334.3,1333.6,1329.6,1400,0
2020-05-18,19:59:00,1333.2,1335.4,1330.3,1325.8,1435,0
2020-05-18,20:59:00,1330.5,1330.5,1325,1324.6,558,0
2020-05-18,21:59:00,1324.9,1329.3,1324.9,1323.4,573,0
2020-05-18,22:59:00,1325,1325.6,1323.9,1319.4,652,0
2020-05-18,23:59:00,1323.7,1330.3,1330.1,1323.7,1057,0
2020-05-19,00:59:00,1330.3,1332.2,1328.3,1326.1,817,0
2020-05-19,01:59:00,1328.4,1349.9,1349.6,1325.6,3383,0
2020-05-19,02:59:00,1349.2,1350.7,1330.3,1329.9,3134,0
2020-05-19,03:59:00,1330.6,1334.2,1325,1319.7,2950,0
2020-05-19,04:59:00,1325.1,1326.6,1322.6,1320.4,1910,0
2020-05-19,05:59:00,1322.8,1323.2,1321.6,1315.6,2360,0
2020-05-19,06:59:00,1321.4,1329,1325.7,1319.1,1982,0
2020-05-19,07:59:00,1325.4,1327.6,1326.6,1320.1,2858,0
2020-05-19,08:59:00,1326.7,1331.2,1321.4,1313.7,26710,0
2020-05-19,09:59:00,1321.4,1334.7,1330.4,1321.4,26568,0
2020-05-19,10:59:00,1330.6,1336.6,1331.4,1327.9,18426,0
2020-05-19,11:59:00,1331.5,1334.9,1332.6,1327.2,10424,0
2020-05-19,12:59:00,1332.7,1334.4,1333.6,1329.8,6710,0
2020-05-19,13:59:00,1333.6,1338.4,1322.2,1321.9,11267,0
2020-05-19,14:59:00,1322.3,1335.9,1307.7,1307.5,38449,0
2020-05-19,15:59:00,1307.7,1308.5,1304.9,1303.8,20171,0
2020-05-19,16:00:00,1305,1305,1304.9,1304.9,63,0
2020-05-19,17:59:00,1302.7,1306.8,1305.3,1297.5,3348,0
2020-05-19,18:59:00,1305.1,1312.2,1311,1304.7,2283,0
2020-05-19,19:59:00,1311,1318.3,1316.3,1308.9,2867,0
2020-05-19,20:59:00,1316.3,1323.5,1323,1315.3,1387,0
2020-05-19,21:59:00,1322.7,1323.3,1320.8,1319.5,829,0
2020-05-19,22:59:00,1320.6,1322.2,1321.4,1316.3,773,0
2020-05-19,23:59:00,1321.4,1326.4,1324,1319.7,904,0
2020-05-20,00:59:00,1324.1,1326,1319.4,1318.2,735,0
2020-05-20,01:59:00,1319.2,1320.2,1318.5,1315.4,1009,0
2020-05-20,02:59:00,1318.4,1325.6,1316.3,1316.1,2898,0
2020-05-20,03:59:00,1315.9,1329.9,1328.2,1315.2,3570,0
2020-05-20,04:59:00,1328,1331.2,1330.9,1323.4,1805,0
2020-05-20,05:59:00,1330.8,1334.9,1331.2,1329.4,2931,0
2020-05-20,06:59:00,1331.3,1331.7,1328.7,1325,2128,0
2020-05-20,07:59:00,1328.8,1332.4,1326.1,1324.8,2858,0
2020-05-20,08:59:00,1326.1,1342.3,1336.5,1325.6,23098,0
2020-05-20,09:59:00,1336.7,1352.6,1352.5,1334.8,32685,0
2020-05-20,10:59:00,1352.5,1354.2,1350.7,1346.8,20928,0
2020-05-20,11:59:00,1350.7,1351.8,1343.1,1336.8,18234,0
2020-05-20,12:59:00,1343.1,1347.1,1343.4,1337,16472,0
2020-05-20,13:59:00,1343.3,1350.1,1348.4,1338.6,13381,0
2020-05-20,14:59:00,1348.4,1349,1343.3,1339.8,20464,0
2020-05-20,15:59:00,1343.3,1348,1346.3,1342.9,13289,0
2020-05-20,16:00:00,1346.3,1346.6,1346.6,1346.2,85,0
2020-05-20,17:59:00,1346.6,1349.1,1344.4,1343.8,1236,0
2020-05-20,18:59:00,1344.3,1345.2,1343.9,1342.8,445,0
2020-05-20,19:59:00,1343.8,1344,1341.3,1338.2,780,0
2020-05-20,20:59:00,1341.3,1341.3,1332.3,1332.2,878,0
2020-05-20,21:59:00,1332.3,1334,1333.4,1327.3,1069,0
2020-05-20,22:59:00,1333.1,1334.8,1332.2,1330.3,445,0
2020-05-20,23:59:00,1331.9,1336.3,1335.8,1330.5,327,0
2020-05-21,00:58:00,1335.5,1337.2,1332.1,1331.1,426,0
2020-05-21,01:59:00,1332.7,1333.4,1332,1329.5,556,0
2020-05-21,02:59:00,1331.4,1336.4,1332.2,1327.2,1457,0
2020-05-21,03:59:00,1332.3,1335,1333.3,1327,1206,0
2020-05-21,04:59:00,1332.9,1335.5,1331.6,1330.2,785,0
2020-05-21,05:59:00,1331.6,1334.8,1333.4,1328.3,859,0
2020-05-21,06:59:00,1333.3,1341.6,1333.8,1333.1,2974,0
2020-05-21,07:59:00,1333.8,1344.8,1341.3,1332.2,4357,0
2020-05-21,08:59:00,1341.2,1353.1,1348.9,1338.5,18840,0
2020-05-21,09:59:00,1348.7,1353.4,1343.6,1337.3,24777,0
2020-05-21,10:59:00,1343.3,1346.8,1342.8,1330,21971,0
2020-05-21,11:59:00,1342.8,1353.3,1350.3,1342.3,21364,0
2020-05-21,12:59:00,1350.2,1355.3,1351.5,1348,11562,0
2020-05-21,13:59:00,1351.5,1354.9,1349.4,1346.3,16604,0
2020-05-21,14:59:00,1349.3,1353.3,1348,1345,19714,0
2020-05-21,15:59:00,1347.9,1348,1341.1,1340.7,13781,0
2020-05-21,16:00:00,1341.2,1341.4,1341,1341,31,0
2020-05-21,17:59:00,1342.2,1347.9,1347.7,1339.9,941,0
2020-05-21,18:59:00,1347.7,1353.2,1352.4,1347.4,1693,0
2020-05-21,19:59:00,1352.1,1356.5,1352.4,1349.7,1237,0
2020-05-21,20:59:00,1352.5,1353.8,1346.2,1342.6,1369,0
2020-05-21,21:59:00,1345.8,1346.4,1332.4,1331.2,1930,0
2020-05-21,22:59:00,1332.4,1333.6,1328.4,1323.5,3070,0
2020-05-21,23:59:00,1328.2,1331.6,1326.8,1326.1,1031,0
2020-05-22,00:59:00,1327,1327.7,1325,1320.9,1198,0
2020-05-22,01:59:00,1325.1,1330,1325,1323.4,889,0
2020-05-22,02:59:00,1324.9,1326.3,1320.5,1315.9,1955,0
2020-05-22,03:59:00,1320.4,1334.4,1332.2,1320.3,2213,0
2020-05-22,04:59:00,1332.3,1339.3,1333.8,1332.3,1705,0
2020-05-22,05:59:00,1333.7,1340,1338,1333.7,1482,0
2020-05-22,06:59:00,1338.2,1350.1,1347,1338.2,3755,0
2020-05-22,07:59:00,1347.1,1351.7,1349.5,1346.3,4462,0
2020-05-22,08:59:00,1349.2,1355.2,1345.7,1342.1,22621,0
2020-05-22,09:59:00,1345.7,1347,1336.6,1335,22214,0
2020-05-22,10:59:00,1336.4,1344.4,1341.8,1334.3,17068,0
2020-05-22,11:59:00,1341.8,1347.3,1345.5,1338.9,8473,0
2020-05-22,12:59:00,1345.5,1347.2,1345.7,1341.6,11078,0
2020-05-22,13:59:00,1345.6,1351.7,1350.2,1345.3,9198,0
2020-05-22,14:59:00,1350.2,1353.9,1353.2,1345.8,15260,0
2020-05-22,15:59:00,1353.1,1357.5,1356,1352.4,13174,0
2020-05-22,16:00:00,1356,1356.1,1356,1355.5,53,0
2020-05-24,17:59:00,1353.4,1363.5,1362.1,1350.8,1232,0
2020-05-24,18:59:00,1361.9,1365.6,1364.7,1359.7,732,0
2020-05-24,19:59:00,1364.8,1365.3,1361.4,1360.7,453,0
2020-05-24,20:59:00,1361.6,1362.4,1359.7,1355.4,639,0
2020-05-24,21:59:00,1359.8,1362,1358.9,1358,282,0
2020-05-24,22:58:00,1359.7,1361.3,1360.1,1359,138,0
2020-05-24,23:59:00,1360.3,1363,1361.2,1360.3,109,0
2020-05-25,00:59:00,1361.5,1363.7,1362.4,1360.8,164,0
2020-05-25,01:59:00,1362.4,1365.9,1365.3,1362.4,330,0
2020-05-25,02:59:00,1365,1365.2,1362.7,1357.7,891,0
2020-05-25,03:59:00,1362.6,1378.1,1374.3,1360.7,1627,0
2020-05-25,04:59:00,1374.4,1377.4,1376.5,1372.7,942,0
2020-05-25,05:59:00,1376.4,1376.4,1374.6,1369.4,1807,0
2020-05-25,06:59:00,1374.5,1376,1374.4,1371.7,685,0
2020-05-25,07:59:00,1374.3,1376.4,1374.8,1373.2,692,0
2020-05-25,08:59:00,1374.8,1375.7,1373.8,1372.6,1807,0
2020-05-25,09:59:00,1373.7,1379,1377.2,1373,1885,0
2020-05-25,10:59:00,1377,1377.6,1376.6,1374.6,1641,0
2020-05-25,11:59:00,1376.5,1382.8,1379.8,1376,1357,0
2020-05-25,12:00:00,1379.8,1381,1380,1379.8,24,0
2020-05-25,17:59:00,1379.7,1381.7,1377,1374.9,653,0
2020-05-25,18:59:00,1377,1377.9,1376,1374.8,208,0
2020-05-25,19:59:00,1376.5,1381.1,1378.5,1375,778,0
2020-05-25,20:59:00,1378.6,1387.9,1387.6,1378.3,1923,0
2020-05-25,21:59:00,1387.4,1388.8,1386,1385.7,825,0
2020-05-25,22:59:00,1386.2,1391.1,1390,1386.2,871,0
2020-05-25,23:59:00,1390,1395.4,1389.7,1389,1719,0
2020-05-26,00:59:00,1389.5,1392.1,1391.6,1386.9,1099,0
2020-05-26,01:59:00,1391.7,1396.9,1393.8,1389.6,1991,0
2020-05-26,02:59:00,1394.1,1395.5,1388,1386.3,3004,0
2020-05-26,03:59:00,1387.9,1396,1395.3,1387.2,1775,0
2020-05-26,04:59:00,1395.4,1398.6,1392.7,1391.3,2882,0
2020-05-26,05:59:00,1392.8,1396.2,1391.2,1389.5,2277,0
2020-05-26,06:59:00,1391.2,1399.9,1397.1,1388.4,3773,0
2020-05-26,07:59:00,1397,1404.9,1403.8,1394.2,6362,0
2020-05-26,08:59:00,1403.9,1410.1,1400.4,1396.1,33735,0
2020-05-26,09:59:00,1400.3,1408.5,1403.2,1396.8,25633,0
2020-05-26,10:59:00,1403.3,1405.5,1395.4,1392.1,24543,0
2020-05-26,11:59:00,1395.6,1403.5,1401.6,1391.8,15500,0
2020-05-26,12:59:00,1401.9,1405.3,1401.8,1401,9358,0
2020-05-26,13:59:00,1401.8,1403,1402.1,1397,9324,0
2020-05-26,14:59:00,1402.1,1402.2,1389.1,1388.8,26959,0
2020-05-26,15:59:00,1389.1,1396.4,1394.5,1388.7,14462,0
2020-05-26,16:00:00,1394.6,1394.8,1394.5,1394.4,29,0
2020-05-26,17:59:00,1394.8,1396.4,1395.1,1390.3,1492,0
2020-05-26,18:59:00,1394.7,1395.7,1393.5,1391.5,521,0
2020-05-26,19:59:00,1393.9,1397.1,1396.6,1388,1776,0
2020-05-26,20:59:00,1396.8,1405.3,1401.9,1396.6,1439,0
2020-05-26,21:59:00,1402,1404.3,1404.3,1397.4,621,0
2020-05-26,22:59:00,1404.4,1411.9,1410.4,1404.4,1065,0
2020-05-26,23:59:00,1410.7,1413.8,1410.9,1409.2,762,0
2020-05-27,00:59:00,1410.9,1413,1411.4,1409,1015,0
2020-05-27,01:59:00,1411.2,1411.2,1408,1406.6,704,0
2020-05-27,02:59:00,1407.9,1418.4,1415.4,1405.3,4246,0
2020-05-27,03:59:00,1415.3,1424.4,1423.3,1414.9,3889,0
2020-05-27,04:59:00,1423.5,1440.1,1438.5,1422.8,4098,0
2020-05-27,05:59:00,1438.6,1440.4,1429.5,1428.4,5553,0
2020-05-27,06:59:00,1429.8,1432.7,1423.6,1422.4,6002,0
2020-05-27,07:59:00,1423.4,1434.2,1422.7,1420.6,7530,0
2020-05-27,08:59:00,1422.6,1426.4,1397.2,1395.3,34387,0
2020-05-27,09:59:00,1397.3,1411.2,1385,1377.4,37874,0
2020-05-27,10:59:00,1384.9,1404.1,1401.7,1381.7,29073,0
2020-05-27,11:59:00,1401.7,1414.9,1412.5,1400.6,19647,0
2020-05-27,12:59:00,1412.6,1418.8,1418.8,1407.1,16295,0
2020-05-27,13:59:00,1418.7,1426.7,1425.7,1418.1,18682,0
2020-05-27,14:59:00,1425.7,1439.8,1435.8,1424.1,28532,0
2020-05-27,15:59:00,1435.7,1442.8,1438.7,1432.3,15497,0
2020-05-27,16:00:00,1438.8,1439.1,1439,1438,83,0
2020-05-27,17:59:00,1437,1439.2,1438.5,1433.1,1293,0
2020-05-27,18:59:00,1438.6,1441.8,1440.8,1434,1419,0
2020-05-27,19:59:00,1441,1450,1448.1,1439.3,2129,0
2020-05-27,20:59:00,1448,1452.6,1451.5,1442.6,2215,0
2020-05-27,21:59:00,1451.3,1453.1,1446.3,1445.5,1176,0
2020-05-27,22:59:00,1446.7,1448.7,1436.8,1436,2486,0
2020-05-27,23:59:00,1436.6,1444.1,1441.3,1432.8,1327,0
2020-05-28,00:59:00,1441.7,1449.6,1449.6,1437.5,1243,0
2020-05-28,01:59:00,1449.8,1452.2,1446.6,1444.9,1227,0
2020-05-28,02:59:00,1446.6,1449.1,1447.6,1438.6,2467,0
2020-05-28,03:59:00,1447.4,1449.5,1440.9,1438.8,3234,0
2020-05-28,04:59:00,1440.9,1446.7,1437.3,1433.3,1259,0
2020-05-28,05:59:00,1437.3,1446.9,1445.5,1435.4,2897,0
2020-05-28,06:59:00,1445.4,1450.7,1448.3,1443.3,3921,0
2020-05-28,07:59:00,1448.3,1451.9,1450.6,1444.5,7321,0
2020-05-28,08:59:00,1450.4,1453,1438.8,1428.3,31851,0
2020-05-28,09:59:00,1438.9,1440.2,1439.9,1425.7,31916,0
2020-05-28,10:59:00,1439.9,1444.4,1436.9,1431.2,27638,0
2020-05-28,11:59:00,1437,1437,1432.7,1429,16165,0
2020-05-28,12:59:00,1432.6,1433.5,1429.5,1426.1,20681,0
2020-05-28,13:59:00,1429.6,1432.8,1420.8,1416.5,20205,0
2020-05-28,14:59:00,1421,1425.9,1401.6,1393.9,40832,0
2020-05-28,15:59:00,1401.5,1407.5,1406.8,1400.9,17719,0
2020-05-28,16:00:00,1406.7,1406.7,1405.9,1405.9,24,0
2020-05-28,17:59:00,1405.6,1409.1,1406.2,1401.5,1757,0
2020-05-28,18:59:00,1406.7,1408.3,1401.1,1401.1,877,0
2020-05-28,19:59:00,1401.1,1402.6,1391.3,1388.6,2127,0
2020-05-28,20:59:00,1391.2,1399,1397.6,1387,1305,0
2020-05-28,21:59:00,1397.4,1403.9,1403.5,1395.4,1069,0
2020-05-28,22:59:00,1403.2,1403.2,1397.6,1395.8,483,0
2020-05-28,23:59:00,1397.8,1402.4,1402.3,1394.1,380,0
2020-05-29,00:59:00,1401.8,1407.3,1404.3,1401.8,863,0
2020-05-29,01:59:00,1404.2,1406.9,1400.2,1395.8,1346,0
2020-05-29,02:59:00,1399.8,1402.9,1394,1392.3,3093,0
2020-05-29,03:59:00,1394,1396.8,1394.1,1389.6,3001,0
2020-05-29,04:59:00,1393.9,1399.3,1398.7,1392.4,1756,0
2020-05-29,05:59:00,1398.6,1402.4,1398.8,1396.5,2289,0
2020-05-29,06:59:00,1398.6,1403.8,1399.7,1397,3170,0
2020-05-29,07:59:00,1399.7,1401.2,1394,1388.2,5118,0
2020-05-29,08:59:00,1393.9,1395.8,1381.1,1378,36225,0
2020-05-29,09:59:00,1381.2,1388.3,1375.6,1370.8,30457,0
2020-05-29,10:59:00,1375.5,1383.7,1379.5,1371.4,21093,0
2020-05-29,11:59:00,1379.3,1381.9,1380.5,1368.2,16542,0
2020-05-29,12:59:00,1380.5,1382.2,1378.2,1373.9,13754,0
2020-05-29,13:59:00,1378.3,1391,1388.6,1370.1,25570,0
2020-05-29,14:59:00,1388.5,1397.5,1394.2,1386.1,38668,0
2020-05-29,15:59:00,1394.1,1407.9,1406.9,1390.3,30640,0
2020-05-29,16:00:00,1406.9,1406.9,1406.3,1406,88,0
2020-05-31,17:59:00,1390,1390.7,1381.2,1372.1,3380,0
2020-05-31,18:59:00,1381.1,1383.7,1382.9,1377.3,807,0
2020-05-31,19:59:00,1382.5,1395.5,1390.9,1381.8,1425,0
2020-05-31,20:59:00,1390.6,1402.2,1400.2,1386.3,1750,0
2020-05-31,21:59:00,1400.3,1402.8,1400.3,1398.2,707,0
2020-05-31,22:59:00,1400.1,1402.5,1394.3,1393.1,796,0
2020-05-31,23:59:00,1394.2,1399.5,1397.2,1393.9,457,0
2020-06-01,00:59:00,1398.2,1399.8,1398.4,1394,652,0
2020-06-01,01:59:00,1398.1,1406.8,1403.9,1395.5,1320,0
2020-06-01,02:59:00,1403.6,1406.1,1403.6,1400.5,1987,0
2020-06-01,03:59:00,1403,1403.2,1391.7,1381,3512,0
2020-06-01,04:59:00,1392.4,1396.3,1392.2,1390,1077,0
2020-06-01,05:59:00,1392.7,1400,1398.8,1389.8,1469,0
2020-06-01,06:59:00,1399.1,1403.6,1400.7,1397.7,1962,0
2020-06-01,07:59:00,1400.8,1403.7,1397.3,1394.8,4479,0
2020-06-01,08:59:00,1397.2,1405,1401,1390.3,21918,0
2020-06-01,09:59:00,1400.8,1416.4,1410.4,1398.8,28011,0
2020-06-01,10:59:00,1410.5,1414,1413.2,1402.6,21933,0
2020-06-01,11:59:00,1413.3,1415.5,1414.2,1409.8,8125,0
2020-06-01,12:59:00,1414.1,1421.1,1418.3,1414.1,6758,0
2020-06-01,13:59:00,1418.2,1419,1414.7,1410.5,7000,0
2020-06-01,14:59:00,1414.7,1417.6,1407.5,1407,20427,0
2020-06-01,15:59:00,1407.5,1407.5,1405.2,1401.5,17804,0
2020-06-01,16:00:00,1405.2,1405.2,1404.9,1404.4,77,0
2020-06-01,17:59:00,1404.9,1405.6,1400.2,1398.2,1495,0
2020-06-01,18:59:00,1400.1,1400.2,1390.7,1388.7,3031,0
2020-06-01,19:59:00,1390.9,1402,1400.6,1390.8,2425,0
2020-06-01,20:59:00,1400.2,1403.4,1394.1,1393.1,1548,0
2020-06-01,21:59:00,1394.5,1397.2,1394.4,1392.2,583,0
2020-06-01,22:59:00,1393.9,1398,1397.6,1393.2,308,0
2020-06-01,23:59:00,1397.6,1398.7,1397.2,1395.1,232,0
2020-06-02,00:59:00,1397.5,1402.1,1402,1397.5,974,0
2020-06-02,01:59:00,1401.9,1403.1,1399.5,1398.4,632,0
2020-06-02,02:59:00,1399.4,1409,1406,1397.9,2080,0
2020-06-02,03:59:00,1406,1419.7,1416,1405.4,2572,0
2020-06-02,04:59:00,1416.2,1421.3,1419.5,1413.4,2076,0
2020-06-02,05:59:00,1419.5,1421.2,1419.1,1417.8,1311,0
2020-06-02,06:59:00,1419.2,1419.3,1416.9,1415.1,1716,0
2020-06-02,07:59:00,1417.1,1420.7,1414.6,1411.5,4538,0
2020-06-02,08:59:00,1414.7,1416.8,1414.4,1403.4,22190,0
2020-06-02,09:59:00,1414.1,1422.7,1412.7,1405.6,24639,0
2020-06-02,10:59:00,1412.6,1416.3,1412.1,1399.8,26688,0
2020-06-02,11:59:00,1412.3,1421,1419.4,1412.2,14525,0
2020-06-02,12:59:00,1419.5,1421.6,1417.9,1416.7,7109,0
2020-06-02,13:59:00,1417.9,1420.6,1420.2,1412.2,10747,0
2020-06-02,14:59:00,1420.2,1420.3,1417.9,1408.6,23161,0
2020-06-02,15:59:00,1417.9,1419.2,1418.5,1416.1,12046,0
2020-06-02,16:00:00,1418.1,1418.4,1418.4,1417.8,30,0
2020-06-02,17:59:00,1418.1,1419,1416.8,1415.6,849,0
2020-06-02,18:59:00,1416.7,1425.2,1424.5,1416.7,2059,0
2020-06-02,19:59:00,1424.6,1429.8,1429.2,1422.8,1430,0
2020-06-02,20:59:00,1429,1431.2,1426,1425.1,1050,0
2020-06-02,21:59:00,1426.2,1427.9,1424.8,1421.5,711,0
2020-06-02,22:59:00,1424.4,1428.7,1425,1423.5,359,0
2020-06-02,23:59:00,1425.2,1430.5,1430,1425,815,0
2020-06-03,00:59:00,1429.8,1431.5,1430.8,1426.7,852,0
2020-06-03,01:59:00,1430.8,1433.6,1427.4,1427.4,904,0
2020-06-03,02:59:00,1427.9,1429.5,1426.8,1424.5,1454,0
2020-06-03,03:59:00,1426.7,1429.2,1429.1,1424.4,1793,0
2020-06-03,04:59:00,1429.1,1434.2,1431.9,1427,1668,0
2020-06-03,05:59:00,1431.9,1432.5,1430,1426.3,1992,0
2020-06-03,06:59:00,1430.1,1430.8,1429.4,1424.5,1737,0
2020-06-03,07:59:00,1429.3,1441,1437.7,1428,4100,0
2020-06-03,08:59:00,1437.5,1446.8,1444.7,1435.3,26146,0
2020-06-03,09:59:00,1444.7,1454.1,1450.9,1443.7,25308,0
2020-06-03,10:59:00,1450.9,1465.2,1459.9,1449.6,29496,0
2020-06-03,11:59:00,1459.7,1462.4,1455.8,1454.6,18931,0
2020-06-03,12:59:00,1455.8,1459.5,1455.1,1452.7,10234,0
2020-06-03,13:59:00,1455.1,1461.2,1457.9,1454.7,12009,0
2020-06-03,14:59:00,1457.9,1458.3,1450.1,1449.4,26450,0
2020-06-03,15:59:00,1450.1,1452.2,1451,1448,17705,0
2020-06-03,16:00:00,1451,1451.3,1450.8,1450.6,215,0
2020-06-03,17:59:00,1451,1453.3,1453.3,1448.4,2548,0
2020-06-03,18:59:00,1453,1461,1457.9,1453,1866,0
2020-06-03,19:59:00,1457.7,1458.7,1448,1444.6,2784,0
2020-06-03,20:59:00,1448,1449.8,1444.6,1444.6,909,0
2020-06-03,21:59:00,1444.6,1446.9,1442,1441,846,0
2020-06-03,22:59:00,1441.9,1446.5,1445.9,1441.8,447,0
2020-06-03,23:59:00,1445.7,1448,1446.4,1444.7,424,0
2020-06-04,00:59:00,1446.7,1449.3,1440.8,1440.3,1535,0
2020-06-04,01:59:00,1440.9,1443.6,1433.3,1432.4,3898,0
2020-06-04,02:59:00,1433.5,1437.6,1434.1,1430.1,3607,0
2020-06-04,03:59:00,1433.9,1438.2,1434.4,1433.3,2864,0
2020-06-04,04:59:00,1433.9,1435,1428.4,1427.3,2776,0
2020-06-04,05:59:00,1428.6,1434.3,1433.1,1428.2,2453,0
2020-06-04,06:59:00,1433.1,1447.7,1443.5,1432.1,5666,0
2020-06-04,07:59:00,1443.8,1445.9,1436.5,1430.2,7179,0
2020-06-04,08:59:00,1436.4,1448.3,1446.7,1434.7,23170,0
2020-06-04,09:59:00,1446.6,1460,1458.8,1444.4,23933,0
2020-06-04,10:59:00,1458.5,1460,1448.4,1440.8,21750,0
2020-06-04,11:59:00,1448.4,1449.4,1437.9,1435.7,12637,0
2020-06-04,12:59:00,1437.8,1458.1,1457.1,1437.1,12663,0
2020-06-04,13:59:00,1457,1458.8,1450,1449.8,15719,0
2020-06-04,14:59:00,1450,1451,1449.7,1437.2,31310,0
2020-06-04,15:59:00,1449.7,1457.2,1455.2,1449.5,11944,0
2020-06-04,16:00:00,1455.2,1455.4,1455,1454.9,30,0
2020-06-04,17:59:00,1454.1,1457.2,1454.4,1453,641,0
2020-06-04,18:59:00,1454.4,1455.8,1451.4,1450.5,620,0
2020-06-04,19:59:00,1451.4,1454.7,1452.7,1448.9,914,0
2020-06-04,20:59:00,1452.5,1456.8,1455.2,1451.6,675,0
2020-06-04,21:59:00,1455.3,1462.9,1461,1454.8,1389,0
2020-06-04,22:59:00,1461.2,1466.8,1465.5,1460.1,893,0
2020-06-04,23:59:00,1465.5,1469.7,1466.8,1465,756,0
2020-06-05,00:59:00,1466.7,1477.2,1475.9,1465.8,1878,0
2020-06-05,01:59:00,1475.7,1478.4,1475.7,1473.7,1895,0
2020-06-05,02:59:00,1475.5,1487.4,1487.4,1475,2661,0
2020-06-05,03:59:00,1487.4,1487.4,1475.7,1472.7,4820,0
2020-06-05,04:59:00,1475.6,1477.1,1470.1,1466,4853,0
2020-06-05,05:59:00,1470.2,1472.9,1469.8,1463.7,4113,0
2020-06-05,06:59:00,1469.9,1476,1473,1469.4,2322,0
2020-06-05,07:59:00,1473.1,1512.8,1507.9,1469.3,20014,0
2020-06-05,08:59:00,1507.8,1522.9,1500.9,1500.9,50057,0
2020-06-05,09:59:00,1501,1521.5,1520.6,1499.7,39114,0
2020-06-05,10:59:00,1520.6,1527.8,1524.3,1519.1,22974,0
2020-06-05,11:59:00,1524.4,1526.1,1517.7,1515,19250,0
2020-06-05,12:59:00,1517.9,1524.5,1521,1515.3,10965,0
2020-06-05,13:59:00,1521.1,1525.3,1517.2,1517,19310,0
2020-06-05,14:59:00,1517.2,1519.5,1504.4,1501.4,39668,0
2020-06-05,15:59:00,1504.4,1508.3,1502.9,1501.4,18069,0
2020-06-05,16:00:00,1502.3,1502.5,1502.3,1501.5,57,0
2020-06-07,17:59:00,1506,1519.4,1517.1,1502.4,2098,0
2020-06-07,18:59:00,1516.8,1525,1522.9,1516.3,1518,0
2020-06-07,19:59:00,1522.9,1522.9,1512.2,1510.4,1959,0
2020-06-07,20:59:00,1512.4,1513.1,1508.4,1505.7,1128,0
2020-06-07,21:59:00,1508.4,1513.5,1509.8,1504,1067,0
2020-06-07,22:59:00,1509.4,1515.1,1511.4,1508.4,544,0
2020-06-07,23:59:00,1511.3,1513.3,1513.1,1509.8,298,0
2020-06-08,00:59:00,1513.4,1513.5,1512.1,1509,502,0
2020-06-08,01:59:00,1512.5,1514.6,1508.1,1506.7,793,0
2020-06-08,02:59:00,1508.1,1511.2,1506.8,1501,2259,0
2020-06-08,03:59:00,1506.8,1520.6,1519.7,1506.6,2515,0
2020-06-08,04:59:00,1519.7,1524,1519.6,1518,2501,0
2020-06-08,05:59:00,1519.4,1530.4,1524,1518.3,3834,0
2020-06-08,06:59:00,1524.3,1534.8,1533.5,1523.2,3437,0
2020-06-08,07:59:00,1533.3,1537.7,1526.9,1526.7,5517,0
2020-06-08,08:59:00,1527.1,1536.1,1532.1,1524.3,26960,0
2020-06-08,09:59:00,1532.1,1533.9,1531.8,1520.5,25783,0
2020-06-08,10:59:00,1532,1537.2,1533.6,1529.4,18711,0
2020-06-08,11:59:00,1533.6,1537.9,1534.1,1531.7,11278,0
2020-06-08,12:59:00,1534.1,1538.4,1533.7,1533.3,10021,0
2020-06-08,13:59:00,1533.8,1535,1533.7,1531.3,11775,0
2020-06-08,14:59:00,1533.7,1535.9,1534.5,1529.1,23469,0
2020-06-08,15:59:00,1534.5,1539.4,1539.1,1532.6,18734,0
2020-06-08,16:00:00,1538.9,1539.2,1538.6,1538.5,88,0
2020-06-08,17:59:00,1539.1,1539.1,1536.1,1534.8,978,0
2020-06-08,18:59:00,1535.8,1537.5,1536.2,1534.8,664,0
2020-06-08,19:59:00,1535.8,1540.4,1534.4,1531.4,1844,0
2020-06-08,20:59:00,1534.5,1534.5,1533.2,1527.1,1842,0
2020-06-08,21:59:00,1533,1535.7,1533.3,1529.3,753,0
2020-06-08,22:59:00,1533.7,1536,1533.8,1531.6,547,0
2020-06-08,23:59:00,1533.7,1536,1531.8,1531.7,333,0
2020-06-09,00:59:00,1531.8,1537.3,1536.4,1531.7,622,0
2020-06-09,01:59:00,1536.6,1538.7,1530.2,1529.3,1287,0
2020-06-09,02:59:00,1530.4,1533.2,1518.8,1517.6,4129,0
2020-06-09,03:59:00,1519.1,1521.8,1502.9,1498.6,5506,0
2020-06-09,04:59:00,1502.9,1511.3,1501.9,1500.5,3013,0
2020-06-09,05:59:00,1501.5,1506.6,1505.3,1496.5,2895,0
2020-06-09,06:59:00,1504.9,1514.6,1512.7,1504.7,3405,0
2020-06-09,07:59:00,1512.7,1517.2,1511.5,1508.6,6836,0
2020-06-09,08:59:00,1511.5,1518.5,1509,1505,30574,0
2020-06-09,09:59:00,1509,1511.4,1508.5,1495.2,38004,0
2020-06-09,10:59:00,1508.5,1510,1503.4,1499.6,17766,0
2020-06-09,11:59:00,1503.4,1508.6,1506.1,1500.5,10488,0
2020-06-09,12:59:00,1506.3,1521.5,1518,1506.1,14145,0
2020-06-09,13:59:00,1518,1519.6,1515.8,1510.2,16611,0
2020-06-09,14:59:00,1515.8,1522.4,1505.5,1504.8,25235,0
2020-06-09,15:59:00,1505.6,1511.4,1507.7,1504.8,15969,0
2020-06-09,16:00:00,1507.7,1507.7,1507.6,1507.3,30,0
2020-06-09,17:59:00,1507,1511.8,1511.3,1506.1,977,0
2020-06-09,18:59:00,1511.3,1516.4,1515.7,1507.7,1148,0
2020-06-09,19:59:00,1515.2,1521.2,1520.8,1512.2,1399,0
2020-06-09,20:59:00,1520.8,1525.8,1523.7,1518.4,1228,0
2020-06-09,21:59:00,1523.4,1525.6,1521.2,1518.2,702,0
2020-06-09,22:59:00,1521.8,1522.1,1521.1,1517.5,533,0
2020-06-09,23:59:00,1521.2,1522.1,1519.1,1517.4,519,0
2020-06-10,00:58:00,1519.1,1523.5,1521,1518.2,428,0
2020-06-10,01:59:00,1521.5,1522.8,1517.1,1514.6,737,0
2020-06-10,02:59:00,1516.8,1524,1521.4,1515.6,1577,0
2020-06-10,03:59:00,1521.6,1521.7,1511.6,1510.9,1290,0
2020-06-10,04:59:00,1511.3,1512.2,1504.6,1498.6,3951,0
2020-06-10,05:59:00,1504.9,1507.5,1506.4,1493.7,2730,0
2020-06-10,06:59:00,1506.2,1509.6,1509.4,1499.2,3237,0
2020-06-10,07:59:00,1509.5,1511.9,1510.3,1505.4,4486,0
2020-06-10,08:59:00,1510.3,1512.3,1488.4,1480.8,25672,0
2020-06-10,09:59:00,1488.4,1490.7,1466.5,1463.4,41489,0
2020-06-10,10:59:00,1466.4,1480.8,1480.5,1466,21354,0
2020-06-10,11:59:00,1480.4,1487.2,1482.3,1478.7,15950,0
2020-06-10,12:59:00,1482.2,1482.8,1479.2,1477.3,11510,0
2020-06-10,13:59:00,1479,1497.2,1471.7,1467.8,33719,0
2020-06-10,14:59:00,1471.8,1480.4,1466.6,1465.1,32518,0
2020-06-10,15:59:00,1466.6,1469.2,1463.4,1460.6,15986,0
2020-06-10,16:00:00,1463.4,1463.4,1462.9,1462.6,55,0
2020-06-10,17:59:00,1461.4,1465.4,1451.7,1450.9,2094,0
2020-06-10,18:59:00,1451.7,1454.2,1443.5,1442.7,2639,0
2020-06-10,19:59:00,1443.2,1455.1,1448.3,1442.6,3469,0
2020-06-10,20:59:00,1448.4,1453.3,1447.4,1445.4,1578,0
2020-06-10,21:59:00,1447.1,1449.8,1444.1,1443.3,845,0
2020-06-10,22:59:00,1444.3,1445,1432.7,1432.1,1707,0
2020-06-10,23:59:00,1432.5,1436.2,1430.7,1427.7,2263,0
2020-06-11,00:59:00,1430.6,1431.2,1416.5,1414.7,3867,0
2020-06-11,01:59:00,1416.9,1425.5,1420.9,1413.8,3262,0
2020-06-11,02:59:00,1420.8,1424.9,1416.6,1411.9,3614,0
2020-06-11,03:59:00,1416.6,1421.8,1413,1409.3,2718,0
2020-06-11,04:59:00,1412.7,1426.4,1425.7,1411.5,3626,0
2020-06-11,05:59:00,1425.9,1429.7,1419.9,1417.5,2597,0
2020-06-11,06:59:00,1420,1424.4,1410.6,1404.1,5893,0
2020-06-11,07:59:00,1410.5,1412.5,1400.3,1394.6,11052,0
2020-06-11,08:59:00,1400.9,1413.5,1413.1,1396.8,40216,0
2020-06-11,09:59:00,1413.2,1414.8,1396.3,1395.1,35234,0
2020-06-11,10:59:00,1396.3,1396.4,1383.8,1380.5,31889,0
2020-06-11,11:59:00,1383.8,1388,1372,1369.8,30722,0
2020-06-11,12:59:00,1371.9,1384.4,1378.3,1371.4,19672,0
2020-06-11,13:59:00,1378.2,1380.6,1359.8,1358.6,29362,0
2020-06-11,14:59:00,1360,1368.2,1356.5,1350.9,43231,0
2020-06-11,15:59:00,1356.3,1362.5,1362,1352.5,19055,0
2020-06-11,16:00:00,1362.1,1362.1,1361.2,1359.9,59,0
2020-06-11,17:59:00,1360.4,1366.6,1365.8,1354.7,1472,0
2020-06-11,18:59:00,1366.1,1375.7,1372.4,1365.3,1674,0
2020-06-11,19:59:00,1372.3,1377.7,1366.8,1365,1502,0
2020-06-11,20:59:00,1366.7,1375.3,1373.5,1360.2,1513,0
2020-06-11,21:59:00,1374.7,1384,1379.7,1372.5,950,0
2020-06-11,22:59:00,1379.6,1386.7,1385,1374.8,877,0
2020-06-11,23:59:00,1385,1389.3,1388,1384.2,1441,0
2020-06-12,00:59:00,1387.8,1395.4,1395,1384.6,1301,0
2020-06-12,01:59:00,1395.1,1397.2,1379,1378.2,2948,0
2020-06-12,02:59:00,1379.1,1397.4,1391.4,1377.1,3514,0
2020-06-12,03:59:00,1391.5,1415.4,1412.6,1390,4777,0
2020-06-12,04:59:00,1411.9,1414.1,1411.9,1407.4,1919,0
2020-06-12,05:59:00,1411.9,1415.3,1408.1,1400.3,2152,0
2020-06-12,06:59:00,1408,1411.7,1402.5,1399.5,3254,0
2020-06-12,07:59:00,1402.8,1409,1400.7,1390.2,5267,0
2020-06-12,08:59:00,1400.8,1414.7,1400.3,1394.9,18638,0
2020-06-12,09:59:00,1400.5,1408.2,1370.9,1370.1,20878,0
2020-06-12,10:59:00,1371.2,1385.4,1384.4,1355,21784,0
2020-06-12,11:59:00,1384.2,1390.2,1380.5,1370.8,11460,0
2020-06-12,12:59:00,1380.1,1380.8,1349.9,1346.5,15594,0
2020-06-12,13:59:00,1349.3,1371.4,1362.8,1345.7,13505,0
2020-06-12,14:59:00,1362.7,1389.9,1389.1,1362.3,20164,0
2020-06-12,15:59:00,1389.1,1389.2,1381.5,1380.7,11397,0
2020-06-12,16:00:00,1381,1382,1380.5,1380.5,25,0
2020-06-14,17:59:00,1359.1,1369.7,1362.3,1343.8,3342,0
2020-06-14,18:59:00,1362.4,1363.9,1348.9,1346.3,1065,0
2020-06-14,19:59:00,1348.8,1357.7,1350.3,1348.8,693,0
2020-06-14,20:59:00,1350,1357.2,1357,1348.7,614,0
2020-06-14,21:59:00,1357.4,1357.9,1350.9,1350.8,432,0
2020-06-14,22:59:00,1350.7,1356.3,1354.7,1350.1,201,0
2020-06-14,23:59:00,1354.8,1354.8,1342.6,1342,655,0
2020-06-15,00:59:00,1342,1342.3,1321.2,1319.7,1188,0
2020-06-15,01:59:00,1321,1329.8,1325.8,1315.7,1521,0
2020-06-15,02:59:00,1325.7,1333.7,1332.4,1320.1,1686,0
2020-06-15,03:59:00,1332.4,1349.9,1349.7,1330.7,2133,0
2020-06-15,04:57:00,1348.9,1355.1,1352.6,1337.6,1476,0
2020-06-15,05:59:00,1352.8,1358.4,1341.6,1339.7,2075,0
2020-06-15,06:59:00,1340.4,1351.4,1344.4,1337.8,1642,0
2020-06-15,07:59:00,1344.2,1349.5,1344.1,1338.7,1338,0
2020-06-15,08:59:00,1344.3,1361.5,1354.8,1338.2,9016,0
2020-06-15,09:59:00,1354.1,1376.2,1372.8,1352,7672,0
2020-06-15,10:59:00,1373.3,1388.5,1383.9,1371.6,5164,0
2020-06-15,11:59:00,1383,1401.8,1401.8,1380.3,4253,0
2020-06-15,12:59:00,1401.8,1414.5,1394.7,1394.6,7198,0
2020-06-15,13:59:00,1394.6,1425.7,1410.5,1393.8,11069,0
2020-06-15,14:59:00,1410.5,1417.3,1413.2,1398.2,9877,0
2020-06-15,15:59:00,1413,1420.2,1419.5,1412.7,3149,0
2020-06-15,16:00:00,1420.1,1420.6,1419.6,1419.6,17,0
2020-06-15,17:59:00,1420.9,1429.1,1425.6,1418.7,561,0
2020-06-15,18:59:00,1424.8,1433.8,1433.7,1418.4,795,0
2020-06-15,19:59:00,1433.6,1436.5,1429.7,1427.7,492,0
2020-06-15,20:59:00,1430.7,1437.6,1434.9,1429.5,335,0
2020-06-15,21:59:00,1434.8,1454.7,1450.6,1434.7,756,0
2020-06-15,22:59:00,1451.5,1452.6,1449.6,1448.5,385,0
2020-06-15,23:59:00,1449.8,1451.2,1446.8,1445.7,285,0
2020-06-16,00:59:00,1447.2,1451.9,1449.8,1447.2,479,0
2020-06-16,01:59:00,1449.4,1449.4,1439.6,1438.2,1051,0
2020-06-16,02:59:00,1440,1446.7,1435.9,1435.1,2067,0
2020-06-16,03:59:00,1435.8,1445,1444.6,1431.9,983,0
2020-06-16,04:59:00,1444.8,1449,1448.3,1440.6,351,0
2020-06-16,05:59:00,1448.2,1455.5,1450.7,1446.3,836,0
2020-06-16,06:59:00,1451,1456.3,1456.2,1446.2,484,0
2020-06-16,07:59:00,1456.2,1481.2,1480.7,1455,2739,0
2020-06-16,08:59:00,1481.1,1481.6,1466.1,1455.3,9741,0
2020-06-16,09:59:00,1466.2,1470.1,1436.8,1434.4,9019,0
2020-06-16,10:59:00,1438.3,1456.1,1446.3,1415.6,8002,0
2020-06-16,11:59:00,1446.8,1459.9,1450.7,1438.3,4963,0
2020-06-16,12:59:00,1450.5,1456,1449.1,1444.7,4397,0
2020-06-16,13:59:00,1449.4,1459.4,1453.8,1445.5,4780,0
2020-06-16,14:59:00,1454,1454.7,1445.4,1440.3,5566,0
2020-06-16,15:59:00,1445.2,1451.8,1450.9,1444.6,2934,0
2020-06-16,16:00:00,1450.7,1451.3,1451,1450.4,50,0
2020-06-16,17:59:00,1447.1,1448,1447,1436.6,1463,0
2020-06-16,18:59:00,1447.7,1454.4,1454,1446.4,902,0
2020-06-16,19:59:00,1454.3,1454.8,1450,1440.6,1048,0
2020-06-16,20:59:00,1450.2,1453.3,1445.3,1441,783,0
2020-06-16,21:59:00,1445.5,1447.8,1440,1434.6,824,0
2020-06-16,22:59:00,1439.3,1444.8,1442.5,1437.3,413,0
2020-06-16,23:59:00,1441.7,1451.3,1446.8,1441.7,509,0
2020-06-17,00:59:00,1447.1,1449.1,1444.4,1440,727,0
2020-06-17,01:59:00,1444.3,1456.6,1450.6,1442.8,854,0
2020-06-17,02:59:00,1449.3,1465.1,1461.2,1445.9,1938,0
2020-06-17,03:59:00,1461.3,1470.9,1467.8,1459.1,2281,0
2020-06-17,04:59:00,1467.5,1469.1,1453.8,1450.1,1678,0
2020-06-17,05:59:00,1453.8,1463.6,1462.3,1452.3,1025,0
2020-06-17,06:59:00,1462.6,1467.4,1462.9,1462.1,1689,0
2020-06-17,07:59:00,1463,1465.8,1455.2,1451.6,3587,0
2020-06-17,08:59:00,1455.5,1457.9,1435.8,1434.4,18138,0
2020-06-17,09:59:00,1435.7,1443.7,1432.4,1424.4,30570,0
2020-06-17,10:59:00,1432.4,1438.5,1437.8,1424.1,17318,0
2020-06-17,11:59:00,1438,1440,1434.4,1431.9,9716,0
2020-06-17,12:59:00,1434.3,1441.1,1436.9,1434.3,7046,0
2020-06-17,13:59:00,1436.8,1441.6,1435.5,1434.3,7486,0
2020-06-17,14:59:00,1435.5,1435.6,1423.9,1418.8,20103,0
2020-06-17,15:59:00,1423.9,1426.5,1425.8,1421.7,11122,0
2020-06-17,16:00:00,1425.9,1426.4,1426.3,1425.9,20,0
2020-06-17,17:59:00,1423.2,1427.9,1424.6,1419.6,1280,0
2020-06-17,18:59:00,1424.4,1424.7,1414.5,1412.9,1931,0
2020-06-17,19:59:00,1414.2,1417,1412.3,1408,1808,0
2020-06-17,20:59:00,1412.2,1416.7,1406.9,1399.8,2226,0
2020-06-17,21:59:00,1407.2,1407.5,1405.8,1399.9,1055,0
2020-06-17,22:59:00,1405.9,1418.1,1415,1404.9,1527,0
2020-06-17,23:59:00,1415.2,1420.3,1419,1411,903,0
2020-06-18,00:59:00,1418.8,1420.6,1414.4,1410.8,783,0
2020-06-18,01:59:00,1414.3,1430,1423.5,1411.1,2231,0
2020-06-18,02:59:00,1423.3,1426.9,1421.5,1416.6,1661,0
2020-06-18,03:59:00,1422.2,1435.3,1432.2,1419.3,2164,0
2020-06-18,04:59:00,1432.1,1434.9,1424.1,1422.4,2095,0
2020-06-18,05:59:00,1424.3,1425.8,1424.4,1418.7,1576,0
2020-06-18,06:59:00,1424.5,1426,1406.4,1405.6,3730,0
2020-06-18,07:59:00,1406.5,1415.3,1410.5,1402,5500,0
2020-06-18,08:59:00,1410.7,1425.7,1419.6,1403.2,21687,0
2020-06-18,09:59:00,1419.4,1439.1,1435.5,1417.8,25476,0
2020-06-18,10:59:00,1435.8,1438.2,1419.8,1418.2,17978,0
2020-06-18,11:59:00,1420,1425.3,1422.9,1417.1,9243,0
2020-06-18,12:59:00,1423.1,1427.9,1427.4,1422,5441,0
2020-06-18,13:59:00,1427.5,1428.5,1422.2,1421.2,7609,0
2020-06-18,14:59:00,1422.1,1425.2,1423.1,1417.6,12100,0
2020-06-18,15:59:00,1423,1425.3,1418.7,1416.7,11662,0
2020-06-18,16:00:00,1418.6,1418.6,1417.7,1417.2,44,0
2020-06-18,17:59:00,1417.5,1425.5,1425.1,1417,1142,0
2020-06-18,18:59:00,1425.1,1433.8,1431.8,1424.6,1473,0
2020-06-18,19:59:00,1432,1432.4,1424,1420.3,1490,0
2020-06-18,20:59:00,1424.1,1426.2,1420.2,1418.8,1042,0
2020-06-18,21:59:00,1420.4,1426.5,1425.4,1418.6,804,0
2020-06-18,22:59:00,1425.3,1426.2,1422.7,1420.5,770,0
2020-06-18,23:59:00,1422.8,1424.1,1420.1,1419.6,385,0
2020-06-19,00:59:00,1419.7,1423.5,1422.9,1419.2,390,0
2020-06-19,01:59:00,1423,1435.4,1430.9,1423,1917,0
2020-06-19,02:59:00,1430.7,1437.6,1435.9,1427.4,1649,0
2020-06-19,03:59:00,1436.2,1437.7,1437.2,1430.5,2063,0
2020-06-19,04:59:00,1437.6,1445.9,1441.9,1436.4,2430,0
2020-06-19,05:59:00,1442.3,1445.8,1440.6,1437.5,1926,0
2020-06-19,06:59:00,1440.4,1444.9,1444.1,1439.1,2379,0
2020-06-19,07:59:00,1444,1449,1445.6,1441.7,4938,0
2020-06-19,08:59:00,1445.3,1451.2,1434,1431.8,27345,0
2020-06-19,09:59:00,1434,1440.9,1436.2,1431.6,21350,0
2020-06-19,10:59:00,1436.2,1440.5,1431.7,1431.1,11928,0
2020-06-19,11:59:00,1431.7,1432.1,1420.5,1409.5,22251,0
2020-06-19,12:59:00,1420.6,1422.5,1407.7,1407.6,12024,0
2020-06-19,13:59:00,1407.8,1421.1,1419.7,1404,18199,0
2020-06-19,14:59:00,1420,1427,1416.5,1413.7,24869,0
2020-06-19,15:59:00,1416.5,1423.9,1404.2,1400.5,27457,0
2020-06-19,16:00:00,1403.6,1404.1,1403.6,1401.9,117,0
2020-06-21,17:59:00,1392.8,1401.7,1399.1,1383.4,4876,0
2020-06-21,18:59:00,1398.7,1401.4,1400.3,1393,969,0
2020-06-21,19:59:00,1400.5,1404.5,1403.5,1397.2,1142,0
2020-06-21,20:59:00,1403.3,1414.1,1408.1,1402.7,2034,0
2020-06-21,21:59:00,1408,1414.8,1411.9,1407.4,1088,0
2020-06-21,22:59:00,1411.9,1417.4,1415.1,1410.3,1052,0
2020-06-21,23:59:00,1415,1417.4,1411,1409.9,553,0
2020-06-22,00:59:00,1410.9,1414.3,1409.1,1406.2,1145,0
2020-06-22,01:59:00,1409.3,1413.7,1412.4,1403.8,744,0
2020-06-22,02:59:00,1412.4,1421.5,1418.5,1406,1771,0
2020-06-22,03:59:00,1418,1424.2,1421.1,1413.5,1020,0
2020-06-22,04:59:00,1421.3,1426.3,1418.6,1417.8,874,0
2020-06-22,05:59:00,1418,1419.1,1415.7,1413.5,1088,0
2020-06-22,06:59:00,1415.8,1416.6,1413.8,1409.1,1815,0
2020-06-22,07:59:00,1413.6,1416.7,1407.6,1405.6,3780,0
2020-06-22,08:59:00,1407.6,1412.1,1407.1,1393.8,24033,0
2020-06-22,09:59:00,1407.1,1416.2,1406.4,1403.4,17698,0
2020-06-22,10:59:00,1406.4,1415.5,1412.6,1403.4,12482,0
2020-06-22,11:59:00,1412.6,1429.4,1426.7,1412.6,11808,0
2020-06-22,12:59:00,1426.7,1429.2,1425.5,1421.8,6021,0
2020-06-22,13:59:00,1425.5,1431.3,1430.5,1420.6,10397,0
2020-06-22,14:59:00,1430.4,1431.6,1430.2,1421.1,18621,0
2020-06-22,15:59:00,1430.2,1435.6,1433.1,1428.8,13358,0
2020-06-22,16:00:00,1433,1433,1432.2,1432.2,53,0
2020-06-22,17:59:00,1434.4,1437.4,1436.7,1430.7,1610,0
2020-06-22,18:59:00,1436.6,1441.5,1439.8,1435.8,1389,0
2020-06-22,19:59:00,1439.9,1439.9,1438,1435.4,879,0
2020-06-22,20:59:00,1438.2,1438.6,1414.2,1400.1,7940,0
2020-06-22,21:59:00,1413.2,1440.7,1436.7,1412.6,4333,0
2020-06-22,22:59:00,1435.8,1438.9,1434,1430.8,651,0
2020-06-22,23:59:00,1433.9,1437.8,1433.3,1432.2,388,0
2020-06-23,00:59:00,1433.3,1434.9,1426.2,1425.8,471,0
2020-06-23,01:59:00,1426.7,1435.8,1434.6,1424,729,0
2020-06-23,02:59:00,1434.7,1447.6,1447.1,1430.9,2162,0
2020-06-23,03:59:00,1447.4,1449.5,1443.8,1442.6,1936,0
2020-06-23,04:59:00,1443.2,1449.1,1448.4,1441.3,684,0
2020-06-23,05:59:00,1448.1,1453.7,1451.6,1446.5,1274,0
2020-06-23,06:59:00,1451.7,1455.4,1454.6,1446.9,2115,0
2020-06-23,07:59:00,1454.5,1459.5,1454.7,1451.9,3489,0
2020-06-23,08:59:00,1454.6,1455.1,1446.2,1442.9,16503,0
2020-06-23,09:59:00,1446,1447.1,1437.5,1432.6,19515,0
2020-06-23,10:59:00,1437.5,1442.5,1441.3,1432.2,15503,0
2020-06-23,11:59:00,1441.4,1443.3,1441,1437.7,10684,0
2020-06-23,12:59:00,1440.9,1446.9,1445.5,1439.8,10374,0
2020-06-23,13:59:00,1445.5,1447.4,1442.4,1438.6,9429,0
2020-06-23,14:59:00,1442.6,1444.1,1437,1434.1,16121,0
2020-06-23,15:59:00,1437.1,1437.9,1432.9,1431.3,12141,0
2020-06-23,16:00:00,1433,1433.2,1432.9,1432.8,61,0
2020-06-23,17:59:00,1432.9,1436.7,1430.5,1430.3,806,0
2020-06-23,18:59:00,1430.6,1434.8,1432.5,1429.1,1040,0
2020-06-23,19:59:00,1431.7,1441,1439,1431.2,1105,0
2020-06-23,20:59:00,1438.7,1441.5,1434,1432.8,1086,0
2020-06-23,21:58:00,1434.1,1436.9,1434.2,1430.3,783,0
2020-06-23,22:59:00,1434.1,1438.3,1434.9,1432.1,755,0
2020-06-23,23:59:00,1434.6,1441.7,1438.3,1433.4,1041,0
2020-06-24,00:59:00,1438.2,1440,1436.7,1435.4,503,0
2020-06-24,01:59:00,1436.6,1437.5,1436.1,1432.2,774,0
2020-06-24,02:59:00,1436,1440.3,1428.7,1423.8,2551,0
2020-06-24,03:59:00,1428.3,1428.7,1418.3,1413,4251,0
2020-06-24,04:59:00,1418.3,1420.8,1414.5,1408.8,2231,0
2020-06-24,05:59:00,1414.4,1417.4,1416.8,1410.4,2928,0
2020-06-24,06:59:00,1416.5,1422.6,1420.1,1416.5,2403,0
2020-06-24,07:59:00,1420.1,1424.3,1423.4,1417.6,3606,0
2020-06-24,08:59:00,1423.4,1424.9,1401.5,1401.5,23727,0
2020-06-24,09:59:00,1401.5,1410.9,1398.3,1395.4,28628,0
2020-06-24,10:59:00,1398.2,1401.2,1373.6,1368.1,32794,0
2020-06-24,11:59:00,1373.6,1392.6,1391.1,1373.3,21405,0
2020-06-24,12:59:00,1391,1394.6,1383.3,1379.2,14983,0
2020-06-24,13:59:00,1383.4,1393.8,1385.7,1378.9,16241,0
2020-06-24,14:59:00,1385.7,1398.2,1387.4,1385.1,28249,0
2020-06-24,15:59:00,1387.4,1397.6,1396.8,1386.9,18675,0
2020-06-24,16:00:00,1396.8,1397.1,1396.3,1396,82,0
2020-06-24,17:59:00,1394.7,1398.5,1391.1,1390.8,2530,0
2020-06-24,18:59:00,1391.3,1393,1389,1387.7,1594,0
2020-06-24,19:59:00,1389.2,1399.1,1397.3,1385.8,1543,0
2020-06-24,20:59:00,1397.6,1399.7,1382,1381.2,1411,0
2020-06-24,21:59:00,1382,1383.8,1383.2,1374.3,1712,0
2020-06-24,22:59:00,1383.2,1383.8,1383.5,1376.4,1396,0
2020-06-24,23:59:00,1383.7,1387.2,1380.2,1378.4,1266,0
2020-06-25,00:59:00,1380.6,1386.7,1383.6,1380.4,1262,0
2020-06-25,01:59:00,1383.3,1386.5,1377.5,1375.4,1503,0
2020-06-25,02:59:00,1377.5,1378.9,1367.6,1363.6,3987,0
2020-06-25,03:59:00,1367.2,1390.8,1388.7,1367.2,2871,0
2020-06-25,04:59:00,1389.2,1397.1,1389.3,1385.6,2365,0
2020-06-25,05:59:00,1388.4,1389.6,1385.2,1382.8,1935,0
2020-06-25,06:59:00,1385.6,1387.2,1372.9,1371.8,3643,0
2020-06-25,07:59:00,1373.1,1384.1,1378.3,1371.7,5348,0
2020-06-25,08:59:00,1378,1385.7,1380,1368.7,23130,0
2020-06-25,09:59:00,1379.9,1404.6,1385.8,1379.8,35123,0
2020-06-25,10:59:00,1385.8,1390.4,1386.4,1376.6,21853,0
2020-06-25,11:59:00,1386.2,1398.6,1392.2,1385.7,15028,0
2020-06-25,12:59:00,1392.1,1394,1388.6,1387.4,7825,0
2020-06-25,13:59:00,1388.6,1390.1,1387.6,1383.5,10365,0
2020-06-25,14:59:00,1387.8,1409.1,1409.1,1385.9,28537,0
2020-06-25,15:59:00,1409.1,1413.4,1408.5,1403.9,16011,0
2020-06-25,16:00:00,1408.5,1409.2,1409.2,1408.4,60,0
2020-06-25,17:59:00,1407.7,1409.6,1408.2,1405,1238,0
2020-06-25,18:59:00,1408.2,1412.7,1407.8,1406.3,1072,0
2020-06-25,19:59:00,1407.7,1408.6,1406.2,1401.7,1602,0
2020-06-25,20:59:00,1406.3,1409.9,1408.5,1404.7,948,0
2020-06-25,21:59:00,1408.3,1409.3,1404,1402.6,548,0
2020-06-25,22:59:00,1404,1406.7,1406.1,1401,792,0
2020-06-25,23:59:00,1405.9,1412.7,1408.8,1405.4,1466,0
2020-06-26,00:59:00,1408.6,1410.8,1405.9,1405.8,787,0
2020-06-26,01:59:00,1405.9,1406.5,1404.1,1399.2,1729,0
2020-06-26,02:59:00,1404.1,1404.7,1399.8,1396,1780,0
2020-06-26,03:59:00,1399.6,1400.3,1398.9,1391.4,1868,0
2020-06-26,04:59:00,1398.8,1405.7,1404.7,1397.6,1820,0
2020-06-26,05:59:00,1404.7,1409.3,1406.8,1403.8,1567,0
2020-06-26,06:59:00,1406.9,1411,1403.8,1401.8,1898,0
2020-06-26,07:59:00,1403.6,1404.8,1398.1,1396.4,2977,0
2020-06-26,08:59:00,1398,1403.9,1394.5,1391.4,19571,0
2020-06-26,09:59:00,1394.6,1396.8,1375.8,1369.9,34571,0
2020-06-26,10:59:00,1375.7,1386.8,1384.8,1373.1,22396,0
2020-06-26,11:59:00,1384.9,1385.1,1381,1374.8,16229,0
2020-06-26,12:59:00,1380.9,1386.4,1379.4,1378.4,14696,0
2020-06-26,13:59:00,1379.4,1380.2,1372.3,1370.2,19092,0
2020-06-26,14:59:00,1372.3,1382.2,1372.6,1370.1,51110,0
2020-06-26,15:59:00,1372.6,1379.6,1372.7,1369.5,34804,0
2020-06-26,16:00:00,1372.9,1373.4,1373,1372.8,27,0
2020-06-28,17:59:00,1362.2,1373,1370.4,1359.6,3775,0
2020-06-28,18:59:00,1371,1375.7,1373,1365.9,1626,0
2020-06-28,19:59:00,1372.9,1375.2,1374.9,1368.6,1845,0
2020-06-28,20:59:00,1375,1385,1383.6,1374.8,2466,0
2020-06-28,21:59:00,1383.4,1384.9,1379.4,1376.4,2821,0
2020-06-28,22:59:00,1379.3,1380.2,1377.3,1374.6,1839,0
2020-06-28,23:59:00,1377.5,1380.7,1373.7,1372.1,1002,0
2020-06-29,00:59:00,1373.9,1383.5,1376.1,1372.9,1453,0
2020-06-29,01:59:00,1375.9,1385,1383.2,1373.6,2303,0
2020-06-29,02:59:00,1382.9,1391.8,1385.5,1381.1,4104,0
2020-06-29,03:59:00,1385.3,1385.9,1385.4,1378.7,3210,0
2020-06-29,04:59:00,1385.6,1388.1,1386.6,1379.9,2696,0
2020-06-29,05:59:00,1386.5,1388.7,1387.6,1381.7,1413,0
2020-06-29,06:59:00,1387.5,1401.8,1400.2,1385.4,5562,0
2020-06-29,07:59:00,1399.7,1400,1388.1,1387,6211,0
2020-06-29,08:59:00,1388.1,1395.5,1393.4,1376.3,32137,0
2020-06-29,09:59:00,1393.5,1420.7,1414.1,1392.9,42361,0
2020-06-29,10:59:00,1414.2,1417.1,1414.4,1408.8,25056,0
2020-06-29,11:59:00,1414.3,1425.2,1421.4,1412.8,15783,0
2020-06-29,12:59:00,1421.3,1423.5,1416.4,1416.4,13169,0
2020-06-29,13:59:00,1416.4,1417.6,1410.8,1406.6,13751,0
2020-06-29,14:59:00,1410.8,1416.1,1415.8,1403.1,24653,0
2020-06-29,15:59:00,1415.8,1425.5,1422.2,1415.6,25820,0
2020-06-29,16:00:00,1422,1424,1422.6,1422,268,0
2020-06-29,17:59:00,1422.4,1428.5,1426.2,1420.7,1684,0
2020-06-29,18:59:00,1426.2,1427.9,1424.2,1423.5,757,0
2020-06-29,19:59:00,1424.1,1424.6,1423,1420,1019,0
2020-06-29,20:59:00,1422.5,1426.8,1422.9,1421.6,938,0
2020-06-29,21:59:00,1422.8,1425.8,1422,1422,458,0
2020-06-29,22:59:00,1421.9,1424.8,1422.7,1421.2,668,0
2020-06-29,23:59:00,1423,1424.1,1423.2,1422.3,433,0
2020-06-30,00:59:00,1423.1,1424.7,1415.4,1414.1,1612,0
2020-06-30,01:59:00,1415.2,1415.9,1413.1,1407.7,2125,0
2020-06-30,02:59:00,1413,1418.4,1411.6,1409.6,2522,0
2020-06-30,03:59:00,1411.4,1413.5,1408.7,1406.9,1464,0
2020-06-30,04:59:00,1408.7,1414.3,1413.6,1406.5,2045,0
2020-06-30,05:59:00,1413.3,1418.3,1416.4,1412.7,2342,0
2020-06-30,06:59:00,1416.4,1429.2,1422.4,1413.9,5445,0
2020-06-30,07:59:00,1422.5,1423,1414.7,1409.7,4914,0
2020-06-30,08:59:00,1414.5,1423.3,1415.1,1411.6,20761,0
2020-06-30,09:59:00,1415.2,1428.8,1428.2,1413.8,21417,0
2020-06-30,10:59:00,1428.2,1438.4,1432.5,1428.2,21255,0
2020-06-30,11:59:00,1432.4,1440.5,1429.2,1427.7,15436,0
2020-06-30,12:59:00,1429.2,1431.5,1431.4,1424.4,8892,0
2020-06-30,13:59:00,1431.4,1435.4,1434.4,1428.6,10915,0
2020-06-30,14:59:00,1434.4,1441.7,1436.9,1430.4,29900,0
2020-06-30,15:59:00,1436.9,1439.6,1436,1433.4,30251,0
2020-06-30,16:00:00,1435.9,1436.2,1436,1435.6,112,0
2020-06-30,17:59:00,1436,1438.2,1434.5,1434,1252,0
2020-06-30,18:59:00,1434.2,1434.7,1431.9,1431,1282,0
2020-06-30,19:59:00,1431.8,1434.9,1433.7,1430.6,682,0
2020-06-30,20:59:00,1433.5,1435.7,1433,1431.1,950,0
2020-06-30,21:59:00,1433.4,1433.7,1428.5,1427.8,1162,0
2020-06-30,22:59:00,1428.5,1430.8,1429.4,1428.2,1026,0
2020-06-30,23:59:00,1429.3,1431,1427.3,1426.9,769,0
2020-07-01,00:59:00,1427.2,1428,1423,1421.3,1594,0
2020-07-01,01:59:00,1423.1,1428.8,1428.3,1421,1220,0
2020-07-01,02:59:00,1428.3,1433.8,1430.4,1425.8,1840,0
2020-07-01,03:59:00,1430.4,1434.4,1432,1430.1,1816,0
2020-07-01,04:59:00,1431.7,1436.7,1425.6,1425.3,3361,0
2020-07-01,05:59:00,1425.7,1429.6,1420.5,1418.3,4667,0
2020-07-01,06:59:00,1420.4,1421.3,1418.5,1415.1,6274,0
2020-07-01,07:59:00,1418.5,1434.7,1432.9,1417,8645,0
2020-07-01,08:59:00,1433.4,1450.8,1438,1433.4,40026,0
2020-07-01,09:59:00,1438,1449,1432.5,1429.2,30252,0
2020-07-01,10:59:00,1432.5,1435,1426.4,1417.4,23735,0
2020-07-01,11:59:00,1426.5,1434.2,1427.4,1423.1,17247,0
2020-07-01,12:59:00,1427.5,1429,1418.5,1418.5,14640,0
2020-07-01,13:59:00,1418.6,1427.4,1425.4,1418.2,12784,0
2020-07-01,14:59:00,1425.4,1433.1,1423,1422.3,27798,0
2020-07-01,15:59:00,1422.9,1426.1,1422.7,1421.8,15581,0
2020-07-01,16:00:00,1422.5,1422.6,1422.4,1422.1,70,0
2020-07-01,17:59:00,1423.7,1424.2,1424.1,1420.4,1099,0
2020-07-01,18:59:00,1424.3,1425.6,1423.6,1422.7,642,0
2020-07-01,19:59:00,1423.7,1425,1419.6,1417.8,955,0
2020-07-01,20:59:00,1419.3,1425.6,1422.9,1418.2,887,0
2020-07-01,21:59:00,1422.7,1428.9,1427.8,1422.4,433,0
2020-07-01,22:58:00,1428.1,1430,1425.2,1423.6,702,0
2020-07-01,23:59:00,1425,1428.3,1426.1,1424.1,333,0
2020-07-02,00:59:00,1426.1,1426.8,1423.3,1422.4,651,0
2020-07-02,01:59:00,1423.3,1432.9,1431.5,1421.6,1683,0
2020-07-02,02:59:00,1431.4,1439.2,1437.1,1430.1,3686,0
2020-07-02,03:59:00,1437.3,1443.2,1440.1,1436.5,3496,0
2020-07-02,04:59:00,1440.2,1440.2,1436.4,1433.5,2071,0
2020-07-02,05:59:00,1436.5,1439,1438.7,1433.5,2011,0
2020-07-02,06:59:00,1438.7,1442.3,1438.2,1437.2,2173,0
2020-07-02,07:59:00,1438.5,1455.7,1453.9,1437.6,10599,0
2020-07-02,08:59:00,1453.9,1458.5,1456.6,1446.6,23067,0
2020-07-02,09:59:00,1456.6,1458.1,1434.3,1432.9,28271,0
2020-07-02,10:59:00,1434.3,1443,1440.1,1425.6,21928,0
2020-07-02,11:59:00,1440.3,1440.7,1433.5,1432.6,10366,0
2020-07-02,12:59:00,1433.5,1439,1434.9,1433.2,7571,0
2020-07-02,13:59:00,1435,1439.6,1435.2,1433.1,8379,0
2020-07-02,14:59:00,1435.2,1436.5,1425.2,1424,21235,0
2020-07-02,15:59:00,1425.2,1433.9,1432.1,1425.2,14254,0
2020-07-02,16:00:00,1431.9,1432.2,1432.1,1431.4,47,0
2020-07-02,17:58:00,1432.2,1434.3,1433.5,1431.3,404,0
2020-07-02,18:59:00,1433.3,1434.3,1431.7,1431,217,0
2020-07-02,19:59:00,1431.6,1432.6,1431.8,1429.6,292,0
2020-07-02,20:59:00,1432,1434.4,1430.6,1428.6,496,0
2020-07-02,21:59:00,1430.5,1431.9,1427.2,1426.9,450,0
2020-07-02,22:59:00,1427.1,1430,1428.8,1426,406,0
2020-07-02,23:59:00,1428.9,1429,1427.7,1425.7,182,0
2020-07-03,00:59:00,1427.4,1430.6,1429.5,1425.9,318,0
2020-07-03,01:59:00,1429.7,1439.3,1437.3,1429.4,916,0
2020-07-03,02:59:00,1437.2,1438.5,1432.6,1430.2,1415,0
2020-07-03,03:59:00,1432.6,1433.8,1430.8,1428.1,1095,0
2020-07-03,04:59:00,1430.9,1431.7,1424.5,1423.8,962,0
2020-07-03,05:59:00,1424.5,1427.5,1427,1422.3,1340,0
2020-07-03,06:59:00,1426.7,1427.3,1423.2,1422.8,658,0
2020-07-03,07:59:00,1423.2,1424.5,1419.3,1417.8,1813,0
2020-07-03,08:59:00,1419.2,1423.9,1423.5,1417.8,2473,0
2020-07-03,09:59:00,1423.4,1424.9,1418.9,1412.8,3250,0
2020-07-03,10:59:00,1418.9,1420.9,1420,1415.6,1620,0
2020-07-03,11:59:00,1420.1,1423.3,1421.6,1419.2,731,0
2020-07-03,12:00:00,1421.8,1423.4,1421.5,1420.5,34,0
2020-07-05,17:59:00,1424.2,1434.9,1433,1424.2,1248,0
2020-07-05,18:59:00,1433.3,1440,1436,1433.2,1302,0
2020-07-05,19:59:00,1436,1442,1441.7,1435.8,1060,0
2020-07-05,20:59:00,1441.6,1451.9,1451.8,1441.6,2274,0
2020-07-05,21:59:00,1451.7,1455.5,1453.9,1448.4,1533,0
2020-07-05,22:59:00,1454,1459.4,1458.3,1450.9,1077,0
2020-07-05,23:59:00,1458.1,1463.2,1461.4,1457.5,1800,0
2020-07-06,00:59:00,1461.2,1463.8,1460.4,1459,1006,0
2020-07-06,01:59:00,1460.4,1465,1463.1,1458.4,3155,0
2020-07-06,02:59:00,1463.1,1466.4,1460.5,1459.6,4232,0
2020-07-06,03:59:00,1460.3,1461.8,1456.8,1456.1,2243,0
2020-07-06,04:59:00,1456.6,1460.5,1458.8,1451.1,3005,0
2020-07-06,05:59:00,1458.7,1463.5,1458.6,1457.7,1588,0
2020-07-06,06:59:00,1458.6,1461.9,1460.4,1455.7,2125,0
2020-07-06,07:59:00,1460.5,1466.1,1465.7,1459.6,5295,0
2020-07-06,08:59:00,1465.8,1466.3,1457.3,1451.7,21142,0
2020-07-06,09:59:00,1457.2,1461.5,1447.7,1436.3,27943,0
2020-07-06,10:59:00,1447.7,1448.5,1437.3,1436.6,13546,0
2020-07-06,11:59:00,1437.2,1440.4,1438.2,1434.5,11149,0
2020-07-06,12:59:00,1438.2,1445.5,1444.4,1435.2,9706,0
2020-07-06,13:59:00,1444.4,1444.5,1438.4,1435.5,9147,0
2020-07-06,14:59:00,1438.3,1442.8,1438.8,1436.5,14202,0
2020-07-06,15:59:00,1438.8,1443,1441.2,1437.9,9831,0
2020-07-06,16:00:00,1441.1,1441.3,1441.3,1441,24,0
2020-07-06,17:59:00,1442,1443,1442.8,1439,655,0
2020-07-06,18:59:00,1442.9,1449,1445.7,1441.9,1637,0
2020-07-06,19:59:00,1445.8,1450,1448.3,1443.3,1584,0
2020-07-06,20:59:00,1448.2,1449.2,1435,1434.2,2548,0
2020-07-06,21:59:00,1434.8,1436.1,1432.8,1430.6,2005,0
2020-07-06,22:59:00,1433,1437.2,1435.7,1432.9,619,0
2020-07-06,23:59:00,1435.7,1435.9,1434.6,1431.6,696,0
2020-07-07,00:59:00,1434.3,1435.7,1431.5,1430.3,455,0
2020-07-07,01:59:00,1431.4,1431.8,1429.8,1426.5,1053,0
2020-07-07,02:59:00,1429.7,1431.3,1428.5,1423.6,2729,0
2020-07-07,03:59:00,1428.8,1433.2,1424,1422.2,3480,0
2020-07-07,04:59:00,1424,1424.6,1422.9,1420.6,2549,0
2020-07-07,05:59:00,1422.8,1426.6,1421.5,1419.3,3517,0
2020-07-07,06:59:00,1421.5,1430.9,1427.8,1421.3,3663,0
2020-07-07,07:59:00,1427.9,1429.7,1426.4,1423.5,3400,0
2020-07-07,08:59:00,1426.4,1429,1422.3,1420.1,21251,0
2020-07-07,09:59:00,1422.5,1431.5,1430.5,1421.1,18273,0
2020-07-07,10:59:00,1430.6,1439.5,1433.1,1430,15751,0
2020-07-07,11:59:00,1433.2,1435.7,1426.1,1423.9,15339,0
2020-07-07,12:59:00,1426.1,1430.3,1430,1424.2,9631,0
2020-07-07,13:59:00,1429.9,1430.4,1422.6,1420.4,10381,0
2020-07-07,14:59:00,1422.8,1424,1412.2,1409.4,26827,0
2020-07-07,15:59:00,1412.2,1414,1411.1,1410.3,13126,0
2020-07-07,16:00:00,1411.3,1411.4,1411.1,1410.8,44,0
2020-07-07,17:59:00,1410.7,1413.6,1412,1410.7,960,0
2020-07-07,18:59:00,1412,1414.8,1413.9,1412,564,0
2020-07-07,19:58:00,1413.9,1417,1413.9,1411.2,975,0
2020-07-07,20:59:00,1414.1,1420.3,1416,1414.1,1104,0
2020-07-07,21:59:00,1416.1,1416.6,1415.8,1411.7,1266,0
2020-07-07,22:59:00,1415.9,1417,1412.9,1412.1,1055,0
2020-07-07,23:59:00,1412.7,1413,1406.8,1405.2,1221,0
2020-07-08,00:59:00,1406.9,1410.4,1406.3,1405.2,989,0
2020-07-08,01:59:00,1406.3,1409.9,1407.6,1401.4,1679,0
2020-07-08,02:59:00,1407.3,1417.8,1415.6,1406.9,2646,0
2020-07-08,03:59:00,1415.3,1420,1413.5,1411.2,1480,0
2020-07-08,04:59:00,1413.4,1414.7,1408.3,1404.9,1422,0
2020-07-08,05:59:00,1408.5,1409.3,1409,1403.4,4113,0
2020-07-08,06:59:00,1409.2,1414.5,1413.1,1408.9,2519,0
2020-07-08,07:59:00,1413,1413,1410.2,1407.2,5176,0
2020-07-08,08:59:00,1410.2,1424.2,1424.2,1405.7,26477,0
2020-07-08,09:59:00,1424.2,1429.6,1413.5,1411.4,24804,0
2020-07-08,10:59:00,1413.6,1414.2,1410.3,1395.2,30024,0
2020-07-08,11:59:00,1410.2,1414.7,1414.2,1409,10776,0
2020-07-08,12:59:00,1414.2,1414.5,1409.6,1406.8,10347,0
2020-07-08,13:59:00,1409.6,1414.1,1409.6,1405.8,14092,0
2020-07-08,14:59:00,1409.8,1422.6,1422.5,1409.6,27817,0
2020-07-08,15:59:00,1422.5,1425,1424.9,1421.5,13510,0
2020-07-08,16:00:00,1424.9,1425.4,1425.3,1424.8,91,0
2020-07-08,17:59:00,1427.1,1427.8,1424.5,1424.4,1099,0
2020-07-08,18:59:00,1424.5,1426.6,1425,1424.2,651,0
2020-07-08,19:59:00,1425.1,1426.4,1423.2,1421.8,913,0
2020-07-08,20:59:00,1423.3,1423.6,1420.2,1419.1,1182,0
2020-07-08,21:59:00,1420.1,1421.7,1420.2,1417.2,1198,0
2020-07-08,22:59:00,1420.2,1422.9,1421.8,1418.2,666,0
2020-07-08,23:59:00,1422,1424,1421.4,1420.7,592,0
2020-07-09,00:59:00,1421.5,1421.8,1416.7,1415.8,1260,0
2020-07-09,01:59:00,1416.9,1418.6,1418.1,1412.7,1465,0
2020-07-09,02:59:00,1417.9,1419.7,1417.8,1413.4,2220,0
2020-07-09,03:59:00,1417.8,1421.2,1419.1,1417.2,1300,0
2020-07-09,04:59:00,1419,1420.3,1419,1415.6,1582,0
2020-07-09,05:59:00,1419,1420.2,1416.6,1415.7,1447,0
2020-07-09,06:59:00,1416.5,1422.9,1420.3,1416.4,2617,0
2020-07-09,07:59:00,1420.2,1426.7,1422.5,1418.7,5076,0
2020-07-09,08:59:00,1422.5,1428.1,1411.4,1408.7,22026,0
2020-07-09,09:59:00,1411.3,1417.9,1383.1,1381.5,34383,0
2020-07-09,10:59:00,1383.1,1391.4,1388.8,1376.1,35465,0
2020-07-09,11:59:00,1388.7,1398.5,1396.6,1387.8,14850,0
2020-07-09,12:59:00,1396.4,1404.5,1394.6,1393.9,12331,0
2020-07-09,13:59:00,1394.6,1404.1,1399.9,1393.9,16881,0
2020-07-09,14:59:00,1400,1403.3,1395.7,1389.2,31113,0
2020-07-09,15:59:00,1395.7,1397.7,1394.4,1393.1,13307,0
2020-07-09,16:00:00,1394.3,1394.5,1394.1,1393.9,19,0
2020-07-09,17:59:00,1394.2,1397.2,1395.9,1394.2,705,0
2020-07-09,18:59:00,1396,1401.6,1400.1,1395.7,751,0
2020-07-09,19:59:00,1400,1401.8,1395.7,1392.8,1261,0
2020-07-09,20:59:00,1395.6,1399.1,1398.3,1392.8,2028,0
2020-07-09,21:59:00,1398.1,1398.5,1393.7,1392.7,701,0
2020-07-09,22:58:00,1394,1396.1,1394.4,1392.7,642,0
2020-07-09,23:59:00,1394.6,1395.2,1389.2,1389,554,0
2020-07-10,00:59:00,1389.3,1389.3,1381.3,1379,2154,0
2020-07-10,01:59:00,1381.2,1383.4,1375.3,1373.6,2636,0
2020-07-10,02:59:00,1375.3,1385.3,1384,1375.2,2695,0
2020-07-10,03:59:00,1384.2,1391.1,1384.6,1382.1,1994,0
2020-07-10,04:59:00,1384.4,1388.1,1386.8,1380.6,1445,0
2020-07-10,05:59:00,1386.7,1388.8,1388.3,1384.6,789,0
2020-07-10,06:59:00,1388.4,1393.6,1387,1386.6,2804,0
2020-07-10,07:59:00,1387,1396.1,1390.7,1380.8,7000,0
2020-07-10,08:59:00,1390.6,1408.5,1401.9,1389,30112,0
2020-07-10,09:59:00,1401.9,1417.7,1409.3,1392.8,33625,0
2020-07-10,10:59:00,1409.5,1415,1412.5,1404.5,16009,0
2020-07-10,11:59:00,1412.8,1419.3,1416.9,1409.2,15890,0
2020-07-10,12:59:00,1416.8,1417.4,1414.3,1409.6,10428,0
2020-07-10,13:59:00,1414.3,1415.3,1410.8,1409.1,8817,0
2020-07-10,14:59:00,1410.9,1419.7,1419.1,1409.4,20781,0
2020-07-10,15:59:00,1419.1,1423.8,1421.6,1417.1,12728,0
2020-07-10,16:00:00,1421.6,1422.3,1422.2,1421.1,18,0
2020-07-12,17:59:00,1423,1438.3,1432.4,1421.7,3676,0
2020-07-12,18:59:00,1432.3,1434,1427.6,1426.2,1247,0
2020-07-12,19:59:00,1427.4,1429.2,1429,1424,979,0
2020-07-12,20:59:00,1429.2,1432.5,1432,1426.5,1002,0
2020-07-12,21:59:00,1432,1434,1431.5,1430.2,674,0
2020-07-12,22:59:00,1431.5,1433.4,1432.1,1430.3,559,0
2020-07-12,23:59:00,1432.2,1433.3,1432.7,1431.4,394,0
2020-07-13,00:59:00,1432.6,1436,1435.4,1432,549,0
2020-07-13,01:59:00,1435.5,1438.3,1431.8,1431.6,1171,0
2020-07-13,02:59:00,1431.7,1432.8,1428.4,1426.8,2075,0
2020-07-13,03:59:00,1428.6,1428.7,1425,1421.1,2449,0
2020-07-13,04:59:00,1424.8,1430.6,1430.5,1424.5,1876,0
2020-07-13,05:59:00,1430.4,1433.7,1433.6,1428,2114,0
2020-07-13,06:59:00,1433.7,1438,1435.5,1432.7,3315,0
2020-07-13,07:59:00,1435.4,1436.6,1432.6,1431.7,3134,0
2020-07-13,08:59:00,1432.4,1435.7,1422.6,1421,18714,0
2020-07-13,09:59:00,1422.5,1430.4,1425,1413.5,24150,0
2020-07-13,10:59:00,1424.9,1433.7,1430,1423.6,21853,0
2020-07-13,11:59:00,1430,1438.9,1438.7,1427.9,11839,0
2020-07-13,12:59:00,1438.8,1451.3,1445.9,1438.2,18723,0
2020-07-13,13:59:00,1445.9,1447.2,1436.7,1430.4,20943,0
2020-07-13,14:59:00,1436.7,1436.7,1401.1,1399.3,42288,0
2020-07-13,15:59:00,1401.1,1403.1,1402,1396.6,18962,0
2020-07-13,16:00:00,1402.1,1402.5,1402.5,1402.1,34,0
2020-07-13,17:59:00,1404,1410.9,1406.2,1403.1,1969,0
2020-07-13,18:59:00,1406.1,1410.7,1406.9,1406.1,658,0
2020-07-13,19:59:00,1406.9,1409.7,1404.4,1403.5,1088,0
2020-07-13,20:59:00,1404.3,1407.1,1405.1,1398.3,1421,0
2020-07-13,21:59:00,1405,1406.3,1401.5,1400.2,768,0
2020-07-13,22:58:00,1401.5,1405,1401.5,1400.8,457,0
2020-07-13,23:59:00,1402.2,1402.4,1398.1,1396.9,1307,0
2020-07-14,00:59:00,1398,1402.4,1400,1397.8,914,0
2020-07-14,01:59:00,1399.9,1408.9,1407.1,1399.2,1481,0
2020-07-14,02:59:00,1407.1,1408,1401.3,1396.9,2376,0
2020-07-14,03:59:00,1401.1,1413.2,1410,1400.8,4213,0
2020-07-14,04:59:00,1410.1,1413.2,1410.7,1407.7,2747,0
2020-07-14,05:59:00,1410.9,1412.5,1411.8,1408.3,2081,0
2020-07-14,06:59:00,1412.1,1415.6,1411.7,1408.1,4553,0
2020-07-14,07:59:00,1411.9,1413,1398.8,1396.7,8478,0
2020-07-14,08:59:00,1398.7,1409.5,1405.1,1392.5,39003,0
2020-07-14,09:59:00,1405.1,1415.4,1407.8,1390.3,40550,0
2020-07-14,10:59:00,1407.8,1418.1,1413.4,1405.7,28290,0
2020-07-14,11:59:00,1413.4,1416,1408,1406.8,15828,0
2020-07-14,12:59:00,1407.9,1414,1410.6,1404.6,17495,0
2020-07-14,13:59:00,1410.5,1417.2,1415.4,1409.3,20177,0
2020-07-14,14:59:00,1415.1,1424,1423.7,1406,29110,0
2020-07-14,15:59:00,1423.7,1424.6,1419.5,1417.5,16340,0
2020-07-14,16:00:00,1419.4,1419.7,1419.4,1419.3,42,0
2020-07-14,17:59:00,1432.2,1448.3,1445.2,1431.6,5509,0
2020-07-14,18:59:00,1445.5,1446.1,1443.2,1440.4,1872,0
2020-07-14,19:58:00,1443.3,1447.4,1443.1,1441.5,1635,0
2020-07-14,20:59:00,1443,1446,1443.8,1442.3,837,0
2020-07-14,21:59:00,1444.2,1444.8,1443.2,1441.2,569,0
2020-07-14,22:59:00,1442.9,1443.5,1442.7,1440.5,598,0
2020-07-14,23:59:00,1442.7,1445.8,1445.5,1442.2,465,0
2020-07-15,00:59:00,1445.5,1445.8,1443.5,1441.6,1059,0
2020-07-15,01:59:00,1443.4,1444.2,1440.1,1438.4,1832,0
2020-07-15,02:59:00,1440.1,1441.1,1438.3,1436.9,3367,0
2020-07-15,03:59:00,1438.2,1443.9,1438.5,1437.4,2609,0
2020-07-15,04:59:00,1438.5,1439.5,1437.7,1436.1,1850,0
2020-07-15,05:59:00,1437.8,1454,1451.8,1437.2,5165,0
2020-07-15,06:59:00,1451.7,1459.2,1459,1450.4,6970,0
2020-07-15,07:59:00,1459,1470.6,1467.2,1458.2,13453,0
2020-07-15,08:59:00,1467.2,1468.8,1465.9,1453.1,33557,0
2020-07-15,09:59:00,1466,1479.7,1478,1458.3,39651,0
2020-07-15,10:59:00,1478,1478.6,1463.4,1462.2,29953,0
2020-07-15,11:59:00,1463.4,1471,1470.8,1455.9,21912,0
2020-07-15,12:59:00,1470.8,1474.9,1472.5,1469,17288,0
2020-07-15,13:59:00,1472.3,1482.9,1477.1,1470.9,20755,0
2020-07-15,14:59:00,1477.1,1483.1,1476.4,1472.9,27686,0
2020-07-15,15:59:00,1476.5,1481,1480,1474.4,18185,0
2020-07-15,16:00:00,1479.9,1480.1,1479.9,1479.7,79,0
2020-07-15,17:59:00,1479.8,1485.5,1478,1477.7,1947,0
2020-07-15,18:59:00,1478,1482.7,1479.9,1478,943,0
2020-07-15,19:59:00,1480.1,1480.2,1474.8,1473.8,1703,0
2020-07-15,20:59:00,1475.1,1479.4,1477.5,1472.6,991,0
2020-07-15,21:59:00,1477.4,1480.7,1473.4,1470.3,1063,0
2020-07-15,22:59:00,1473.2,1474.2,1473.7,1471.5,496,0
2020-07-15,23:59:00,1473.4,1475.3,1473.7,1471.9,439,0
2020-07-16,00:59:00,1473.5,1473.7,1471.9,1468.4,619,0
2020-07-16,01:59:00,1471.7,1474.9,1471.1,1470.5,533,0
2020-07-16,02:59:00,1471.2,1474.2,1468.9,1466.4,2669,0
2020-07-16,03:59:00,1468.8,1470.6,1467.3,1463.3,2028,0
2020-07-16,04:59:00,1467.4,1472.9,1472.1,1462.5,3893,0
2020-07-16,05:59:00,1472.4,1474.9,1472,1468.5,3041,0
2020-07-16,06:59:00,1471.9,1474.3,1467.8,1467,2859,0
2020-07-16,07:59:00,1467.6,1470.4,1466.6,1464.2,4048,0
2020-07-16,08:59:00,1466.6,1471.5,1463.6,1453.8,27772,0
2020-07-16,09:59:00,1463.7,1470.6,1466.4,1457.6,23429,0
2020-07-16,10:59:00,1466.4,1471.7,1467,1462.2,14154,0
2020-07-16,11:59:00,1467,1467,1455.3,1455,10513,0
2020-07-16,12:59:00,1455.3,1464.3,1459.8,1455.3,17805,0
2020-07-16,13:59:00,1459.9,1464,1457.3,1457.2,11043,0
2020-07-16,14:59:00,1457.3,1466.9,1465.5,1455.2,23684,0
2020-07-16,15:59:00,1465.5,1466.8,1462.5,1459.4,15524,0
2020-07-16,16:00:00,1462.4,1462.9,1462.9,1462.2,28,0
2020-07-16,17:59:00,1464.2,1467.8,1467.7,1461.7,901,0
2020-07-16,18:59:00,1467.6,1468.8,1467,1466,509,0
2020-07-16,19:59:00,1467.1,1470.3,1469.2,1466.7,694,0
2020-07-16,20:59:00,1469.5,1469.5,1468.4,1465.2,633,0
2020-07-16,21:59:00,1468.4,1470.2,1467.7,1466.5,378,0
2020-07-16,22:59:00,1467.5,1468.2,1467,1466.1,423,0
2020-07-16,23:59:00,1466.6,1467.8,1465.8,1464.8,223,0
2020-07-17,00:59:00,1465.6,1466.5,1465.3,1464.6,285,0
2020-07-17,01:59:00,1465.4,1468.2,1465.6,1463.2,871,0
2020-07-17,02:59:00,1465.9,1466.5,1460.7,1459.6,1374,0
2020-07-17,03:59:00,1460.5,1464.1,1463.5,1459.5,1203,0
2020-07-17,04:59:00,1463.5,1465.6,1462.3,1460.4,1068,0
2020-07-17,05:59:00,1462.1,1465.9,1465.7,1462,819,0
2020-07-17,06:59:00,1465.6,1467.5,1467.4,1463.8,1687,0
2020-07-17,07:59:00,1467.3,1474.8,1469.8,1467.1,4110,0
2020-07-17,08:59:00,1469.6,1476.8,1470.7,1463.9,19900,0
2020-07-17,09:59:00,1470.6,1473.3,1472.6,1460,21521,0
2020-07-17,10:59:00,1472.6,1478.2,1478.1,1471.8,18065,0
2020-07-17,11:59:00,1478.1,1481.6,1473.3,1472.3,13098,0
2020-07-17,12:59:00,1473.1,1476,1472.6,1470.2,13250,0
2020-07-17,13:59:00,1472.6,1475.2,1472,1468.8,9479,0
2020-07-17,14:59:00,1472,1474.4,1470.6,1468.2,24596,0
2020-07-17,15:59:00,1470.5,1472.4,1469,1468.5,11225,0
2020-07-17,16:00:00,1468.9,1468.9,1468.8,1468.4,18,0
2020-07-19,17:59:00,1469,1472.3,1468.1,1466,817,0
2020-07-19,18:59:00,1467.9,1471.8,1471.3,1467.8,295,0
2020-07-19,19:59:00,1471,1471.2,1468.3,1467.8,515,0
2020-07-19,20:59:00,1468.4,1468.9,1459.1,1456.2,1808,0
2020-07-19,21:59:00,1459.3,1461.8,1460.7,1457.8,519,0
2020-07-19,22:59:00,1460.5,1465.2,1463.3,1459.9,373,0
2020-07-19,23:58:00,1463.4,1463.8,1461.1,1460.3,260,0
2020-07-20,00:59:00,1460.7,1463.6,1463,1459.5,458,0
2020-07-20,01:59:00,1463.2,1463.6,1461.2,1457.2,593,0
2020-07-20,02:59:00,1461,1461,1460,1453.7,1891,0
2020-07-20,03:59:00,1459.9,1466.7,1465.7,1458,1970,0
2020-07-20,04:59:00,1465.6,1468.6,1464.5,1463.1,1481,0
2020-07-20,05:59:00,1464.5,1464.6,1462.2,1461,1317,0
2020-07-20,06:59:00,1462.2,1467.3,1467,1461.7,2350,0
2020-07-20,07:59:00,1467.2,1468.6,1468.4,1461.5,3401,0
2020-07-20,08:59:00,1468.3,1473.5,1459.8,1458.2,24557,0
2020-07-20,09:59:00,1460,1469.2,1463.6,1457.9,22191,0
2020-07-20,10:59:00,1463.6,1467.3,1463.1,1461.2,12827,0
2020-07-20,11:59:00,1463.2,1463.2,1460.9,1456.4,13375,0
2020-07-20,12:59:00,1461.1,1468.3,1465.9,1460.1,9238,0
2020-07-20,13:59:00,1465.9,1468.2,1466.9,1464.5,7912,0
2020-07-20,14:59:00,1466.7,1468.4,1466.4,1463.9,17883,0
2020-07-20,15:59:00,1466.4,1466.6,1463.5,1461.3,12088,0
2020-07-20,16:00:00,1463.7,1463.9,1463.5,1463.5,14,0
2020-07-20,17:59:00,1462.4,1464.7,1464.4,1462.3,800,0
2020-07-20,18:59:00,1464.5,1466.4,1464.7,1463.6,409,0
2020-07-20,19:59:00,1464.8,1471.7,1469.5,1463.3,1238,0
2020-07-20,20:59:00,1469.4,1471.4,1465.4,1464.4,998,0
2020-07-20,21:59:00,1465.7,1467.4,1466.7,1465.4,250,0
2020-07-20,22:58:00,1466.7,1467.8,1467.2,1464.7,346,0
2020-07-20,23:59:00,1467.2,1468.5,1468.3,1466.3,385,0
2020-07-21,00:59:00,1468.5,1476,1475.5,1467.8,1360,0
2020-07-21,01:59:00,1475.5,1476.6,1473.8,1472.2,1050,0
2020-07-21,02:59:00,1473.4,1478.6,1476.9,1472,3128,0
2020-07-21,03:59:00,1476.9,1483.5,1482.3,1475.9,2989,0
2020-07-21,04:59:00,1482.3,1484,1482,1479.3,2229,0
2020-07-21,05:59:00,1481.9,1485.2,1483.1,1481.4,1427,0
2020-07-21,06:59:00,1483.1,1484.6,1481.3,1480.5,2942,0
2020-07-21,07:59:00,1481.2,1483.1,1480.8,1479.6,4560,0
2020-07-21,08:59:00,1480.9,1496.6,1492.7,1476.7,30051,0
2020-07-21,09:59:00,1492.8,1495.1,1488.7,1479.4,31675,0
2020-07-21,10:59:00,1488.8,1494.7,1488.3,1486.5,18636,0
2020-07-21,11:59:00,1488.2,1492.4,1490.3,1485.4,10465,0
2020-07-21,12:59:00,1490.5,1492.7,1488.3,1488.1,9426,0
2020-07-21,13:59:00,1488.4,1491.4,1489.8,1487.4,9554,0
2020-07-21,14:59:00,1489.8,1490,1483.7,1479,26983,0
2020-07-21,15:59:00,1483.8,1487.3,1485.5,1483.6,14239,0
2020-07-21,16:00:00,1485.2,1485.2,1485.1,1484.8,45,0
2020-07-21,17:59:00,1484.4,1489,1488.8,1483,721,0
2020-07-21,18:59:00,1488.7,1488.9,1487.8,1486.2,426,0
2020-07-21,19:59:00,1487.8,1491.3,1487.6,1486.8,601,0
2020-07-21,20:59:00,1487.3,1490.8,1489.9,1486.1,340,0
2020-07-21,21:59:00,1489.7,1493.8,1492.7,1489.7,518,0
2020-07-21,22:59:00,1492.8,1494.3,1492.8,1492.1,354,0
2020-07-21,23:59:00,1492.9,1492.9,1484.7,1483.7,1296,0
2020-07-22,00:59:00,1484.6,1485.7,1485.2,1482.2,489,0
2020-07-22,01:59:00,1485,1487.4,1487.1,1484.8,385,0
2020-07-22,02:59:00,1486.7,1490,1480.8,1478.6,1942,0
2020-07-22,03:59:00,1480.6,1480.9,1470.7,1467.1,4417,0
2020-07-22,04:59:00,1470.7,1475.4,1474.4,1465.1,4168,0
2020-07-22,05:59:00,1474.4,1475.6,1475,1470.2,1629,0
2020-07-22,06:59:00,1474.8,1481.1,1476.5,1474,3663,0
2020-07-22,07:59:00,1476.6,1477,1476.2,1471.8,3578,0
2020-07-22,08:59:00,1476.1,1488.4,1482.2,1474.8,21529,0
2020-07-22,09:59:00,1482.1,1492.5,1488.4,1480.5,20013,0
2020-07-22,10:59:00,1488.3,1490.5,1485.3,1483.9,13199,0
2020-07-22,11:59:00,1485.4,1490.4,1485.9,1484.8,10682,0
2020-07-22,12:59:00,1485.9,1486.3,1481.4,1481.3,8548,0
2020-07-22,13:59:00,1481.4,1484.3,1483,1479,7684,0
2020-07-22,14:59:00,1483.1,1486.7,1485.6,1481.9,14803,0
2020-07-22,15:59:00,1485.7,1492.1,1490,1485.7,12931,0
2020-07-22,16:00:00,1489.9,1490.1,1489.7,1489.7,44,0
2020-07-22,17:59:00,1490.1,1492.7,1488.7,1488.2,1083,0
2020-07-22,18:59:00,1488.6,1489.3,1487.2,1486.6,362,0
2020-07-22,19:59:00,1487.1,1489.7,1487,1485.7,744,0
2020-07-22,20:59:00,1487.3,1492.3,1491.4,1485.6,476,0
2020-07-22,21:59:00,1491.3,1491.4,1485.9,1485,643,0
2020-07-22,22:59:00,1485.3,1490,1488.5,1485.2,230,0
2020-07-22,23:59:00,1488.7,1490.3,1489.9,1487.5,172,0
2020-07-23,00:59:00,1489.3,1490.6,1489.4,1488.2,182,0
2020-07-23,01:59:00,1489.4,1497.6,1495.9,1488.9,1229,0
2020-07-23,02:59:00,1495.6,1496.4,1495.6,1491.5,957,0
2020-07-23,03:59:00,1495.6,1498.9,1492.4,1492.4,1413,0
2020-07-23,04:59:00,1492.7,1495.2,1493.5,1492,583,0
2020-07-23,05:59:00,1493.6,1496.6,1491.6,1491.3,574,0
2020-07-23,06:59:00,1491.9,1494.2,1494,1489.7,1027,0
2020-07-23,07:59:00,1493.6,1493.6,1482.3,1480.9,4111,0
2020-07-23,08:59:00,1482.3,1494.6,1494.6,1480.3,16988,0
2020-07-23,09:59:00,1494.7,1500.3,1496.7,1488.9,20560,0
2020-07-23,10:59:00,1496.6,1507.5,1504.4,1495.7,17240,0
2020-07-23,11:59:00,1504.5,1505.1,1498.6,1497.7,18664,0
2020-07-23,12:59:00,1498.6,1500.1,1485.8,1483.7,20002,0
2020-07-23,13:59:00,1485.7,1487.8,1485.6,1472.1,24114,0
2020-07-23,14:59:00,1485.6,1488.8,1487.6,1480.9,23447,0
2020-07-23,15:59:00,1487.7,1488.4,1487.7,1482.9,13837,0
2020-07-23,16:00:00,1487.8,1488.2,1488.1,1487.8,12,0
2020-07-23,17:59:00,1488,1492.9,1492.1,1488,1216,0
2020-07-23,18:59:00,1492.1,1493.4,1491,1489.5,893,0
2020-07-23,19:59:00,1490.7,1494.6,1494.6,1490.2,662,0
2020-07-23,20:59:00,1494.7,1494.7,1490.5,1487.9,641,0
2020-07-23,21:59:00,1491,1491,1488.3,1486.8,302,0
2020-07-23,22:59:00,1488.6,1488.8,1483.4,1481.1,961,0
2020-07-23,23:59:00,1483.3,1487.1,1485.1,1480.8,477,0
2020-07-24,00:59:00,1484.6,1485.3,1482.4,1479.4,847,0
2020-07-24,01:59:00,1482.5,1486.7,1479.3,1479.1,1159,0
2020-07-24,02:59:00,1479.3,1481.4,1479.3,1476,2691,0
2020-07-24,03:59:00,1479.4,1485.5,1484.2,1479,2932,0
2020-07-24,04:59:00,1484.3,1486.5,1486,1483.3,1585,0
2020-07-24,05:59:00,1486,1487.9,1485.1,1483.6,1837,0
2020-07-24,06:59:00,1485.2,1487.8,1484.4,1482.1,2690,0
2020-07-24,07:59:00,1484.2,1487.6,1486.1,1483.7,2757,0
2020-07-24,08:59:00,1485.7,1486.5,1470.6,1466.8,26466,0
2020-07-24,09:59:00,1470.7,1479.7,1479,1469.8,21069,0
2020-07-24,10:59:00,1479,1480.5,1471,1469.9,16924,0
2020-07-24,11:59:00,1470.9,1473.2,1467.7,1466.3,16275,0
2020-07-24,12:59:00,1467.7,1469.7,1467.1,1460.3,14951,0
2020-07-24,13:59:00,1467.2,1471.5,1468,1466.1,11509,0
2020-07-24,14:59:00,1468,1470.1,1463.8,1461,22662,0
2020-07-24,15:59:00,1463.7,1466.3,1463.3,1461.9,12009,0
2020-07-24,16:00:00,1463.4,1463.8,1463.1,1463.1,73,0
2020-07-26,17:59:00,1466.4,1471.2,1460.4,1459.5,2098,0
2020-07-26,18:59:00,1460.5,1462.7,1460.6,1456.2,958,0
2020-07-26,19:59:00,1460.4,1469.6,1466.9,1459.3,787,0
2020-07-26,20:59:00,1466.8,1470.4,1469,1465.9,749,0
2020-07-26,21:59:00,1469.6,1474.1,1473,1467.2,1328,0
2020-07-26,22:59:00,1473.1,1475.3,1473.3,1471.8,1186,0
2020-07-26,23:59:00,1473.3,1473.9,1472.6,1472.3,370,0
2020-07-27,00:59:00,1472.6,1473.4,1471.1,1470.7,589,0
2020-07-27,01:59:00,1470.9,1473.2,1472.3,1469.4,1118,0
2020-07-27,02:59:00,1472.4,1474.4,1469.5,1466.5,2557,0
2020-07-27,03:59:00,1469.4,1472.2,1468.5,1468.5,1194,0
2020-07-27,04:59:00,1468.7,1472.1,1471.6,1467.5,896,0
2020-07-27,05:59:00,1471.6,1472.7,1470.1,1469.4,927,0
2020-07-27,06:59:00,1470.2,1471.9,1470.9,1467.7,1573,0
2020-07-27,07:59:00,1470.8,1471.6,1467.4,1464.1,3645,0
2020-07-27,08:59:00,1467.4,1473.6,1473.3,1458.9,16295,0
2020-07-27,09:59:00,1473.4,1477.3,1471.6,1469.5,14083,0
2020-07-27,10:59:00,1471.5,1472.1,1466.1,1462.3,14034,0
2020-07-27,11:59:00,1466.1,1471.5,1470.6,1465.9,9884,0
2020-07-27,12:59:00,1470.8,1474.5,1472.4,1470.5,5533,0
2020-07-27,13:59:00,1472.4,1475.3,1473.5,1469.7,9248,0
2020-07-27,14:59:00,1473.5,1482.1,1481.9,1473.1,18707,0
2020-07-27,15:59:00,1481.9,1483,1482.5,1479.9,8894,0
2020-07-27,16:00:00,1482.3,1482.5,1482.4,1482.2,46,0
2020-07-27,17:59:00,1483,1484.6,1483.5,1482.9,631,0
2020-07-27,18:59:00,1483.5,1484.7,1483.3,1481.9,1059,0
2020-07-27,19:59:00,1483.3,1485.9,1485.1,1482.7,951,0
2020-07-27,20:59:00,1485.1,1488.3,1485.5,1484.9,1185,0
2020-07-27,21:59:00,1485.7,1487.7,1485.8,1484.5,822,0
2020-07-27,22:59:00,1485.5,1485.7,1481.3,1479.8,1195,0
2020-07-27,23:59:00,1481.5,1483.7,1482.7,1479.3,585,0
2020-07-28,00:59:00,1482.5,1482.7,1481.5,1480.4,724,0
2020-07-28,01:59:00,1481.7,1483,1481.2,1480.2,544,0
2020-07-28,02:59:00,1480.8,1484.1,1481.2,1479.9,1427,0
2020-07-28,03:59:00,1481.2,1482.4,1482.4,1479.6,844,0
2020-07-28,04:59:00,1482.3,1483.6,1475,1473.5,1266,0
2020-07-28,05:59:00,1475,1478.1,1478,1471.4,1487,0
2020-07-28,06:59:00,1478,1479,1473.5,1472.1,1615,0
2020-07-28,07:59:00,1473.5,1477.5,1477.3,1472.2,1617,0
2020-07-28,08:59:00,1477.5,1485.7,1475.2,1471.2,21308,0
2020-07-28,09:59:00,1475.2,1482.9,1477.2,1473.4,17992,0
2020-07-28,10:59:00,1477.1,1482.2,1480.1,1472.4,12578,0
2020-07-28,11:59:00,1480.2,1481.1,1480,1476.2,8275,0
2020-07-28,12:59:00,1480.1,1481.4,1480.9,1477.2,5837,0
2020-07-28,13:59:00,1481,1482.5,1479.1,1477.8,9984,0
2020-07-28,14:59:00,1479,1479,1465.8,1465.4,17832,0
2020-07-28,15:59:00,1465.8,1469.5,1469.3,1464.8,11525,0
2020-07-28,16:00:00,1469.4,1469.6,1469.4,1469.1,134,0
2020-07-28,17:59:00,1470,1472.2,1471.2,1469.2,536,0
2020-07-28,18:59:00,1471.4,1471.5,1471,1468.6,489,0
2020-07-28,19:59:00,1471,1472.9,1471.6,1469.1,656,0
2020-07-28,20:59:00,1471.4,1472,1467.5,1465,800,0
2020-07-28,21:59:00,1467.8,1469.2,1466.9,1466.5,570,0
2020-07-28,22:59:00,1467.2,1469.6,1467.1,1465.5,353,0
2020-07-28,23:59:00,1467.1,1467.9,1463.5,1463,482,0
2020-07-29,00:59:00,1463.8,1466.9,1465.9,1463.1,488,0
2020-07-29,01:59:00,1466.1,1470.9,1470.8,1466,731,0
2020-07-29,02:59:00,1470.8,1474.1,1472.7,1470,1545,0
2020-07-29,03:59:00,1472.6,1473.2,1471.7,1470,864,0
2020-07-29,04:59:00,1471.6,1472.4,1471.8,1469.5,467,0
2020-07-29,05:59:00,1471.6,1472.9,1470.4,1470.3,459,0
2020-07-29,06:59:00,1470.2,1472.1,1471,1469.3,1057,0
2020-07-29,07:59:00,1470.8,1473.6,1473.6,1469.7,2402,0
2020-07-29,08:59:00,1473.6,1484.7,1481.9,1473.5,17338,0
2020-07-29,09:59:00,1482,1485.4,1482.7,1479.9,15500,0
2020-07-29,10:59:00,1482.7,1488.7,1487.9,1482.3,10137,0
2020-07-29,11:59:00,1487.9,1491.7,1488.2,1487,10005,0
2020-07-29,12:59:00,1488.1,1490,1488.5,1486.4,8176,0
2020-07-29,13:59:00,1488.4,1495.5,1492.3,1487.4,15554,0
2020-07-29,14:59:00,1492.2,1499.7,1495.8,1488.3,29813,0
2020-07-29,15:59:00,1495.7,1499.2,1497.8,1494.7,14774,0
2020-07-29,16:00:00,1497.8,1497.9,1497.6,1497.5,64,0
2020-07-29,17:59:00,1497.9,1498.8,1496.3,1496.1,518,0
2020-07-29,18:59:00,1496.4,1498.4,1495.3,1495.3,589,0
2020-07-29,19:59:00,1495.5,1496.1,1496.1,1494.1,749,0
2020-07-29,20:59:00,1496.1,1496.8,1495.4,1494.3,716,0
2020-07-29,21:59:00,1495.4,1496.1,1495.7,1494.2,481,0
2020-07-29,22:58:00,1495.8,1496.6,1495.1,1494.7,389,0
2020-07-29,23:59:00,1495.2,1495.7,1494.3,1493.5,334,0
2020-07-30,00:58:00,1494.3,1495.3,1494.5,1493.2,795,0
2020-07-30,01:59:00,1494.6,1495.7,1491.5,1491,638,0
2020-07-30,02:59:00,1491.5,1491.9,1484,1482.5,2867,0
2020-07-30,03:59:00,1483.8,1485.8,1476.7,1476.4,2230,0
2020-07-30,04:59:00,1476.7,1485.1,1480.8,1476.2,2599,0
2020-07-30,05:59:00,1480.7,1481.9,1475.9,1473.7,2596,0
2020-07-30,06:59:00,1475.8,1484.1,1483.3,1475.8,2462,0
2020-07-30,07:59:00,1483,1484.2,1474.6,1474.1,5211,0
2020-07-30,08:59:00,1474.4,1481.6,1470.1,1469.2,23973,0
2020-07-30,09:59:00,1470.3,1479.5,1478.2,1468.2,25899,0
2020-07-30,10:59:00,1478.3,1487.4,1484.6,1478,17236,0
2020-07-30,11:59:00,1484.7,1492.1,1488.6,1483.9,13363,0
2020-07-30,12:59:00,1488.7,1493.4,1492.3,1487.3,9919,0
2020-07-30,13:59:00,1492.2,1494.7,1490.2,1489.5,15604,0
2020-07-30,14:59:00,1490.2,1496.4,1491,1488.3,22926,0
2020-07-30,15:59:00,1491,1498.9,1497.4,1487.3,16151,0
2020-07-30,16:00:00,1497.5,1497.5,1496.1,1495.8,110,0
2020-07-30,17:59:00,1495.8,1498.1,1492.7,1490.4,1078,0
2020-07-30,18:59:00,1492.9,1496.1,1495.6,1492.9,549,0
2020-07-30,19:59:00,1495.2,1496.4,1486,1484.6,1414,0
2020-07-30,20:59:00,1486,1493.2,1492.5,1484.5,1224,0
2020-07-30,21:59:00,1492.5,1492.7,1487.2,1486,949,0
2020-07-30,22:58:00,1486.9,1489.9,1487.7,1485,659,0
2020-07-30,23:59:00,1487.9,1488.3,1484.5,1483.4,460,0
2020-07-31,00:59:00,1484.5,1485.8,1481.2,1480.2,613,0
2020-07-31,01:59:00,1481.5,1488.6,1485.3,1480.8,911,0
2020-07-31,02:59:00,1485.3,1489.2,1485,1482.2,1563,0
2020-07-31,03:59:00,1485.4,1488,1484.9,1483.8,1398,0
2020-07-31,04:59:00,1485,1485.4,1480.7,1480.1,1617,0
2020-07-31,05:59:00,1480.6,1482.6,1480.8,1478.3,983,0
2020-07-31,06:59:00,1480.6,1484.3,1483.9,1479.7,1523,0
2020-07-31,07:59:00,1483.7,1484.8,1482.5,1480.2,2879,0
2020-07-31,08:59:00,1482.6,1489,1485.6,1480.6,22193,0
2020-07-31,09:59:00,1485.6,1485.8,1461.2,1456.6,36616,0
2020-07-31,10:59:00,1461.2,1468,1456.2,1455.5,28289,0
2020-07-31,11:59:00,1456.1,1459.7,1454.2,1451.1,26292,0
2020-07-31,12:59:00,1454.1,1467.3,1464.3,1453.8,18719,0
2020-07-31,13:59:00,1464.3,1468,1466.3,1459.8,14913,0
2020-07-31,14:59:00,1466.4,1475.7,1475.3,1465.3,37687,0
2020-07-31,15:59:00,1475.4,1481.1,1479.8,1474.9,28048,0
2020-07-31,16:00:00,1479.8,1480,1479.5,1479.3,46,0
2020-08-02,17:59:00,1479.2,1482.6,1472.7,1470,1648,0
2020-08-02,18:59:00,1472.6,1474.7,1474.3,1469.1,1024,0
2020-08-02,19:59:00,1474.4,1476,1474,1470.5,964,0
2020-08-02,20:59:00,1474.4,1478.6,1478.2,1473.3,670,0
2020-08-02,21:59:00,1478.2,1478.2,1474.2,1473,316,0
2020-08-02,22:58:00,1474,1475.8,1473.1,1473,169,0
2020-08-02,23:56:00,1473.8,1474.8,1474.6,1472.5,130,0
2020-08-03,00:59:00,1474.6,1476.8,1474.4,1473.5,161,0
2020-08-03,01:59:00,1474.4,1475.3,1473.6,1471.2,357,0
2020-08-03,02:59:00,1473.2,1474,1473.6,1468,1343,0
2020-08-03,03:59:00,1473.6,1476.6,1470.5,1467.8,946,0
2020-08-03,04:59:00,1470.4,1474.9,1474.9,1469.3,649,0
2020-08-03,05:59:00,1475.1,1486.3,1485.3,1473.8,2653,0
2020-08-03,06:59:00,1485.3,1488.6,1488.2,1482.7,2806,0
2020-08-03,07:59:00,1488.4,1490.1,1488.4,1486.4,2524,0
2020-08-03,08:59:00,1488.4,1488.8,1484,1476.8,20104,0
2020-08-03,09:59:00,1484.1,1490.6,1483.1,1480.8,22200,0
2020-08-03,10:59:00,1483.1,1501.2,1497.1,1482.5,19151,0
2020-08-03,11:59:00,1497,1499.1,1497.6,1494,10855,0
2020-08-03,12:59:00,1497.7,1499.7,1498.5,1493.5,8001,0
2020-08-03,13:59:00,1498.6,1504.4,1503.5,1496.8,8825,0
2020-08-03,14:59:00,1503.6,1504.7,1504.4,1499.7,22595,0
2020-08-03,15:59:00,1504.3,1504.8,1502.2,1500.3,14702,0
2020-08-03,16:00:00,1502.1,1502.2,1501.7,1501.7,60,0
2020-08-03,17:59:00,1502.5,1502.9,1501.1,1500.1,331,0
2020-08-03,18:59:00,1501.3,1504.2,1503,1500.6,583,0
2020-08-03,19:59:00,1503,1506.6,1504.8,1502.4,995,0
2020-08-03,20:58:00,1504.7,1510.6,1506.9,1503.8,1464,0
2020-08-03,21:59:00,1506.8,1509.8,1506.8,1506.5,467,0
2020-08-03,22:59:00,1507,1507.3,1504.2,1503.9,458,0
2020-08-03,23:59:00,1504,1505.2,1503.7,1503.1,354,0
2020-08-04,00:59:00,1503.8,1505.7,1505.1,1503,535,0
2020-08-04,01:59:00,1504.8,1508.6,1508,1501.2,755,0
2020-08-04,02:59:00,1507.5,1510.5,1501.8,1501.5,2407,0
2020-08-04,03:59:00,1501.7,1503.4,1501.6,1498.1,1439,0
2020-08-04,04:59:00,1502.1,1503.4,1501.5,1499.4,819,0
2020-08-04,05:59:00,1500.8,1502.3,1501.5,1498.5,1033,0
2020-08-04,06:59:00,1501.6,1502.9,1495.9,1494.3,3824,0
2020-08-04,07:59:00,1496,1499.4,1498.2,1493.7,3503,0
2020-08-04,08:59:00,1498,1506.8,1502.5,1497.5,20258,0
2020-08-04,09:59:00,1502.7,1509.9,1504.7,1495.2,20141,0
2020-08-04,10:59:00,1504.7,1511.1,1504.9,1503.8,14533,0
2020-08-04,11:59:00,1504.8,1509.4,1509,1501.1,10302,0
2020-08-04,12:59:00,1508.9,1513.4,1513.2,1508,16129,0
2020-08-04,13:59:00,1513.2,1514.8,1510.6,1505.4,14339,0
2020-08-04,14:59:00,1510.7,1514.8,1512.7,1510.3,17110,0
2020-08-04,15:59:00,1512.6,1514.5,1513.6,1511.7,13238,0
2020-08-04,16:00:00,1513.6,1514.2,1514.2,1513.5,61,0
2020-08-04,17:59:00,1513.6,1514.5,1514.3,1512.1,689,0
2020-08-04,18:59:00,1514.5,1515.4,1514.1,1513.3,467,0
2020-08-04,19:59:00,1514,1514.9,1512.8,1512.1,817,0
2020-08-04,20:59:00,1512.8,1513.6,1510.9,1509.3,1051,0
2020-08-04,21:59:00,1510.9,1514.6,1514.2,1510.9,586,0
2020-08-04,22:59:00,1514.4,1517.7,1515.7,1513.8,635,0
2020-08-04,23:59:00,1515.5,1515.8,1514.2,1513.8,246,0
2020-08-05,00:59:00,1514.4,1517.8,1517.1,1513.4,577,0
2020-08-05,01:59:00,1517,1522.2,1521.4,1515.6,1312,0
2020-08-05,02:59:00,1521.1,1527.4,1525.7,1520.5,2344,0
2020-08-05,03:59:00,1525.9,1527,1526.1,1521.1,2183,0
2020-08-05,04:59:00,1526.3,1528.4,1528.4,1526.1,1970,0
2020-08-05,05:59:00,1528.1,1529.4,1528.3,1527.1,1193,0
2020-08-05,06:59:00,1528.4,1532.8,1532.5,1526.9,2122,0
2020-08-05,07:59:00,1532.5,1533.8,1530.3,1524.3,5148,0
2020-08-05,08:59:00,1530.4,1533.2,1528.4,1526.6,20015,0
2020-08-05,09:59:00,1528.5,1531,1529.4,1523,21450,0
2020-08-05,10:59:00,1529.3,1534,1530.3,1529.2,19596,0
2020-08-05,11:59:00,1530.3,1532.8,1529.2,1527.8,9966,0
2020-08-05,12:59:00,1529.2,1534.9,1533.9,1528.7,10648,0
2020-08-05,13:59:00,1533.9,1539,1538.4,1533.5,14385,0
2020-08-05,14:59:00,1538.4,1544.5,1544.2,1537.2,27168,0
2020-08-05,15:59:00,1544.2,1544.5,1543.5,1540.9,12452,0
2020-08-05,16:00:00,1543.3,1543.8,1543.5,1543.3,28,0
2020-08-05,17:59:00,1542,1544.6,1544.3,1541.5,604,0
2020-08-05,18:59:00,1544,1546.7,1545.2,1543.5,825,0
2020-08-05,19:59:00,1545.1,1551.6,1549.9,1544.2,1572,0
2020-08-05,20:59:00,1550,1550.2,1549.3,1548,341,0
2020-08-05,21:59:00,1548.9,1549.3,1544.4,1544.1,1186,0
2020-08-05,22:59:00,1544.4,1548.3,1546.8,1543.4,1414,0
2020-08-05,23:59:00,1546.8,1547.8,1546.8,1543.9,725,0
2020-08-06,00:59:00,1546.8,1548.3,1547.2,1546,516,0
2020-08-06,01:58:00,1547.2,1550,1547.9,1546.4,846,0
2020-08-06,02:59:00,1547.5,1552.6,1549.4,1544.8,2193,0
2020-08-06,03:59:00,1549.1,1549.1,1545.6,1544.3,1292,0
2020-08-06,04:59:00,1545.7,1548,1547.9,1545.1,547,0
2020-08-06,05:59:00,1548,1548.1,1537.4,1536.2,1727,0
2020-08-06,06:59:00,1537.4,1542.1,1537,1534,3458,0
2020-08-06,07:59:00,1537,1545.3,1544.3,1534.3,4227,0
2020-08-06,08:59:00,1544.2,1547.9,1546.1,1540.9,19379,0
2020-08-06,09:59:00,1546.1,1550.2,1542.9,1537.9,23198,0
2020-08-06,10:59:00,1542.9,1543.8,1539.3,1535.2,16079,0
2020-08-06,11:59:00,1539.3,1540.7,1539.5,1536,11304,0
2020-08-06,12:59:00,1539.5,1540.6,1535,1534.8,9272,0
2020-08-06,13:59:00,1534.9,1545.3,1544.8,1534.7,17407,0
2020-08-06,14:59:00,1544.9,1546.2,1540.7,1540.2,22981,0
2020-08-06,15:59:00,1540.6,1544.9,1543.5,1540.6,8932,0
2020-08-06,16:00:00,1543.2,1543.5,1543.4,1543,20,0
2020-08-06,17:59:00,1544.3,1544.8,1542.7,1541.6,594,0
2020-08-06,18:59:00,1542.8,1543.1,1542,1541.4,350,0
2020-08-06,19:59:00,1541.9,1544.7,1542.2,1539.7,765,0
2020-08-06,20:59:00,1542.1,1542.5,1540.5,1538.5,960,0
2020-08-06,21:59:00,1540.3,1541.2,1535.1,1534.2,1335,0
2020-08-06,22:59:00,1535.1,1536,1532.8,1531.3,1314,0
2020-08-06,23:59:00,1533.3,1536.7,1535.4,1531.7,746,0
2020-08-07,00:59:00,1535.6,1539.4,1538.9,1534.2,676,0
2020-08-07,01:59:00,1538.7,1540.6,1536.7,1535.9,688,0
2020-08-07,02:59:00,1536.8,1540.9,1540.9,1534.9,1683,0
2020-08-07,03:59:00,1541,1542.3,1538,1536.8,1452,0
2020-08-07,04:59:00,1538.1,1538.4,1537.5,1533.6,1446,0
2020-08-07,05:59:00,1537.5,1539.6,1538.9,1535.8,871,0
2020-08-07,06:59:00,1538.8,1540.9,1537.4,1536.7,1426,0
2020-08-07,07:59:00,1537.1,1548.2,1540,1535.4,6839,0
2020-08-07,08:59:00,1540.2,1549,1548.3,1537.1,20175,0
2020-08-07,09:59:00,1548.3,1558,1554.2,1546.2,28094,0
2020-08-07,10:59:00,1554.2,1563.7,1555.1,1554.1,19899,0
2020-08-07,11:59:00,1555.2,1564.7,1561.4,1554.2,17018,0
2020-08-07,12:59:00,1561.5,1562.1,1556.6,1555.2,17389,0
2020-08-07,13:59:00,1556.7,1559.1,1558.9,1549.8,18519,0
2020-08-07,14:59:00,1559,1567.5,1566.2,1556.7,26686,0
2020-08-07,15:59:00,1566.3,1568.8,1568.5,1565,14878,0
2020-08-07,16:00:00,1568.5,1569,1568.4,1568.4,24,0
2020-08-09,17:58:00,1568.6,1568.6,1563.5,1561.5,1301,0
2020-08-09,18:59:00,1563.3,1565.9,1565.4,1562.9,327,0
2020-08-09,19:59:00,1565.2,1567.8,1564.8,1564.3,622,0
2020-08-09,20:59:00,1564.7,1568.4,1567.5,1562.7,989,0
2020-08-09,21:59:00,1567.4,1572,1571.8,1566.8,800,0
2020-08-09,22:59:00,1571.6,1572.6,1572.4,1570.5,407,0
2020-08-09,23:59:00,1572.3,1573.3,1572.7,1571.8,525,0
2020-08-10,00:59:00,1572.6,1576.3,1575.8,1572.3,820,0
2020-08-10,01:59:00,1575.7,1575.7,1572.2,1571.9,940,0
2020-08-10,02:59:00,1572.6,1575.8,1572.7,1569.5,1449,0
2020-08-10,03:59:00,1572.3,1573,1571.7,1567.7,1359,0
2020-08-10,04:59:00,1571.6,1575,1573.8,1571.3,818,0
2020-08-10,05:59:00,1573.5,1575,1573,1572.3,659,0
2020-08-10,06:59:00,1573.1,1573.2,1571.4,1569.9,1007,0
2020-08-10,07:59:00,1571.3,1573.8,1573.5,1571.1,1709,0
2020-08-10,08:59:00,1573.5,1584.4,1584.4,1571.5,28852,0
2020-08-10,09:59:00,1584.2,1594.1,1586.5,1581.5,30021,0
2020-08-10,10:59:00,1586.5,1592.4,1592.2,1584.2,20274,0
2020-08-10,11:59:00,1592.2,1592.2,1588.4,1586.4,12199,0
2020-08-10,12:59:00,1588.4,1590.8,1586.2,1585.1,13067,0
2020-08-10,13:59:00,1586.2,1588.6,1584.8,1583.2,12490,0
2020-08-10,14:59:00,1584.7,1588.9,1582.8,1581.3,22589,0
2020-08-10,15:59:00,1582.9,1585.2,1582.8,1581.8,10270,0
2020-08-10,16:00:00,1582.9,1582.9,1581.9,1581.9,121,0
2020-08-10,17:59:00,1582.3,1583.7,1582.1,1581.6,534,0
2020-08-10,18:59:00,1582.2,1584.2,1583.4,1581.3,453,0
2020-08-10,19:59:00,1583.6,1584.8,1584.6,1581.1,701,0
2020-08-10,20:59:00,1584.9,1588.9,1588.3,1583.5,1007,0
2020-08-10,21:58:00,1588.4,1589.9,1588.5,1587.9,595,0
2020-08-10,22:59:00,1588.5,1589.4,1589.1,1588,308,0
2020-08-10,23:59:00,1588.9,1589.7,1586.8,1586.5,352,0
2020-08-11,00:58:00,1586.6,1589.1,1588.3,1586.5,337,0
2020-08-11,01:59:00,1588.4,1592.2,1587.2,1585.3,1331,0
2020-08-11,02:59:00,1587.1,1594.8,1594.6,1586.6,2111,0
2020-08-11,03:59:00,1594.3,1601.5,1600.2,1593.7,2710,0
2020-08-11,04:59:00,1600.3,1603.4,1602.3,1599.1,2461,0
2020-08-11,05:59:00,1602.4,1603.4,1600.7,1600.7,1772,0
2020-08-11,06:59:00,1600.7,1603,1602,1599.2,2128,0
2020-08-11,07:59:00,1602.1,1605.7,1602.5,1600.3,5683,0
2020-08-11,08:59:00,1602.4,1604.3,1598.9,1594.9,34140,0
2020-08-11,09:59:00,1598.8,1601.7,1598.9,1590.2,31895,0
2020-08-11,10:59:00,1598.9,1602.7,1598.7,1596.6,20798,0
2020-08-11,11:59:00,1598.5,1601.7,1597.4,1596,11613,0
2020-08-11,12:59:00,1597.5,1603.4,1602.4,1595.9,10074,0
2020-08-11,13:59:00,1602.4,1603.6,1598.1,1593.1,14732,0
2020-08-11,14:59:00,1598.1,1599,1572.3,1567.4,45134,0
2020-08-11,15:59:00,1572.3,1582.2,1581.4,1569.9,19161,0
2020-08-11,16:00:00,1581.4,1581.9,1581.6,1581.4,73,0
2020-08-11,17:59:00,1582.6,1584.3,1582.3,1580.2,1215,0
2020-08-11,18:59:00,1582.3,1583.1,1581.6,1578.9,500,0
2020-08-11,19:59:00,1581.4,1585.9,1578.4,1577.4,1684,0
2020-08-11,20:59:00,1578.4,1582.3,1580.4,1577.9,1399,0
2020-08-11,21:59:00,1580.3,1581.7,1579.7,1575.7,766,0
2020-08-11,22:59:00,1579.5,1581.4,1580.7,1578.1,677,0
2020-08-11,23:59:00,1581.1,1581.7,1580,1578.9,637,0
2020-08-12,00:59:00,1579.8,1584.5,1583.9,1578.8,751,0
2020-08-12,01:59:00,1583.6,1592.1,1590.4,1583.6,2730,0
2020-08-12,02:59:00,1590.3,1596.4,1596,1588.9,2720,0
2020-08-12,03:59:00,1595.9,1596,1592.9,1591.7,1678,0
2020-08-12,04:59:00,1593.1,1595.9,1593.4,1592,816,0
2020-08-12,05:59:00,1593.2,1596.1,1593.7,1592.7,487,0
2020-08-12,06:59:00,1593.6,1593.8,1592,1591,1151,0
2020-08-12,07:59:00,1592.9,1596.9,1594.4,1589.8,4047,0
2020-08-12,08:59:00,1594.6,1596.7,1586.9,1586.1,25970,0
2020-08-12,09:59:00,1586.9,1593.2,1590.9,1584,23843,0
2020-08-12,10:59:00,1590.9,1592,1583.2,1582.2,18776,0
2020-08-12,11:59:00,1583.3,1584.6,1577.9,1577.8,13168,0
2020-08-12,12:59:00,1577.9,1578.9,1578.3,1570.9,15208,0
2020-08-12,13:59:00,1578.3,1583.2,1581.7,1576,11482,0
2020-08-12,14:59:00,1581.7,1583.1,1582.1,1577.3,19929,0
2020-08-12,15:59:00,1582.1,1582.7,1578.5,1578.2,10614,0
2020-08-12,16:00:00,1578.4,1579.2,1579.1,1578.2,41,0
2020-08-12,17:58:00,1579.7,1580.3,1579.4,1577.5,514,0
2020-08-12,18:59:00,1579.4,1579.4,1578.3,1577.3,367,0
2020-08-12,19:59:00,1578,1582.5,1575.4,1575.1,1055,0
2020-08-12,20:58:00,1575.3,1579.1,1576.4,1573.3,809,0
2020-08-12,21:57:00,1576.2,1579,1578.4,1574.8,368,0
2020-08-12,22:59:00,1578.5,1578.5,1576.5,1575.7,346,0
2020-08-12,23:52:00,1577.1,1579.4,1578.9,1576.5,231,0
2020-08-13,00:59:00,1578.4,1578.4,1575.1,1575,276,0
2020-08-13,01:59:00,1575,1577.2,1576.2,1572.6,857,0
2020-08-13,02:59:00,1575.9,1579.4,1576.9,1575.3,778,0
2020-08-13,03:59:00,1576.9,1578.9,1577.6,1574.5,519,0
2020-08-13,04:59:00,1577.7,1578.8,1576.4,1575.6,521,0
2020-08-13,05:59:00,1576.7,1578.5,1576.7,1576,429,0
2020-08-13,06:59:00,1576.6,1578.4,1575.9,1575.1,775,0
2020-08-13,07:59:00,1575.8,1583.2,1579.6,1574.7,3591,0
2020-08-13,08:59:00,1579.7,1587.2,1587,1572.4,19024,0
2020-08-13,09:59:00,1586.9,1591.4,1584.2,1580.3,15693,0
2020-08-13,10:59:00,1584.2,1587.6,1586.7,1579,12911,0
2020-08-13,11:59:00,1586.6,1587.9,1586.1,1583.2,7929,0
2020-08-13,12:59:00,1586.2,1586.8,1584.3,1579.6,10251,0
2020-08-13,13:59:00,1584.3,1584.5,1573.8,1572.5,17541,0
2020-08-13,14:59:00,1573.5,1581.3,1578.6,1572.5,17958,0
2020-08-13,15:59:00,1578.6,1579.8,1578.7,1575.5,9132,0
2020-08-13,16:00:00,1578.8,1579.3,1579,1578.7,31,0
2020-08-13,17:59:00,1578.3,1581.1,1580.9,1578.2,456,0
2020-08-13,18:59:00,1580.7,1584.4,1583.3,1580.6,645,0
2020-08-13,19:59:00,1583.3,1584.1,1581.1,1580.1,387,0
2020-08-13,20:59:00,1580.9,1583,1581.9,1579.5,283,0
2020-08-13,21:59:00,1581.5,1583.3,1582,1580.9,240,0
2020-08-13,22:59:00,1582.2,1583,1582.4,1581.1,251,0
2020-08-13,23:59:00,1582.5,1583.3,1581.9,1581.8,138,0
2020-08-14,00:58:00,1581.7,1585.2,1584.9,1581.7,214,0
2020-08-14,01:59:00,1584.3,1587.5,1583,1582.7,768,0
2020-08-14,02:59:00,1583,1583,1571.7,1569,2156,0
2020-08-14,03:59:00,1571.7,1572.2,1563,1560.9,2726,0
2020-08-14,04:59:00,1562.7,1566.5,1566.4,1562.1,1794,0
2020-08-14,05:59:00,1566.6,1567.4,1567,1563.5,666,0
2020-08-14,06:59:00,1567,1572.1,1571.3,1566.7,1631,0
2020-08-14,07:59:00,1571.4,1574.1,1568.8,1568.2,3011,0
2020-08-14,08:59:00,1568.7,1573.2,1572.3,1564.4,19118,0
2020-08-14,09:59:00,1572.4,1579.9,1578,1567.5,17557,0
2020-08-14,10:59:00,1578.3,1580.3,1575.8,1574.7,8545,0
2020-08-14,11:59:00,1575.8,1579.4,1576.4,1575.5,6097,0
2020-08-14,12:59:00,1576.3,1582.8,1582.4,1574.2,7189,0
2020-08-14,13:59:00,1582.3,1583.4,1576.4,1575.9,6784,0
2020-08-14,14:59:00,1576.5,1576.7,1576.1,1570.8,13379,0
2020-08-14,15:59:00,1576.1,1577.6,1574.4,1571.5,10161,0
2020-08-14,16:00:00,1574.5,1574.7,1573.8,1573.8,14,0
2020-08-16,17:59:00,1575.2,1578.5,1577.3,1572,587,0
2020-08-16,18:59:00,1577.1,1580.5,1580.4,1577,518,0
2020-08-16,19:59:00,1580.3,1580.9,1578.1,1577.4,483,0
2020-08-16,20:59:00,1578.7,1580.4,1579,1577.8,353,0
2020-08-16,21:59:00,1579.2,1581.9,1580.8,1579.2,403,0
2020-08-16,22:59:00,1580.7,1581.3,1579,1578.5,215,0
2020-08-16,23:59:00,1579.2,1580,1578.7,1577.7,161,0
2020-08-17,00:59:00,1578.6,1579.2,1577.3,1577,214,0
2020-08-17,01:59:00,1577.5,1580.6,1579.7,1576.7,567,0
2020-08-17,02:59:00,1579.6,1582.3,1580.5,1573.6,1159,0
2020-08-17,03:59:00,1580,1580.2,1577.5,1574.9,762,0
2020-08-17,04:59:00,1577.8,1580.5,1577.4,1577,666,0
2020-08-17,05:59:00,1577.7,1578.3,1576.9,1576.1,383,0
2020-08-17,06:59:00,1576.9,1578.5,1576.7,1575.8,696,0
2020-08-17,07:59:00,1576.5,1580.7,1579.5,1576,1692,0
2020-08-17,08:59:00,1579.5,1582.7,1577.1,1575.9,11762,0
2020-08-17,09:59:00,1577,1584.6,1579.1,1573.1,13486,0
2020-08-17,10:59:00,1579.1,1585,1584.2,1579.1,6115,0
2020-08-17,11:59:00,1584.2,1585.9,1584.1,1582.9,4120,0
2020-08-17,12:59:00,1584.1,1584.8,1584.1,1581.2,4732,0
2020-08-17,13:59:00,1584.2,1586.1,1583.8,1582.9,5176,0
2020-08-17,14:59:00,1583.8,1586.5,1583.7,1582.5,11662,0
2020-08-17,15:59:00,1583.6,1585.8,1582.8,1581.9,9576,0
2020-08-17,16:00:00,1582.8,1582.8,1582.8,1582.5,7,0
2020-08-17,17:59:00,1583,1583.5,1583,1581.9,438,0
2020-08-17,18:59:00,1583,1587.8,1586.8,1582.5,836,0
2020-08-17,19:59:00,1586.8,1589.6,1587.3,1586.2,653,0
2020-08-17,20:59:00,1587.2,1587.5,1586,1584.2,517,0
2020-08-17,21:59:00,1586,1586,1583.3,1582.2,341,0
2020-08-17,22:56:00,1583.3,1585.4,1584.8,1582.9,143,0
2020-08-17,23:59:00,1584.5,1585.5,1584.6,1584.2,79,0
2020-08-18,00:59:00,1585,1585.7,1584.4,1583.6,201,0
2020-08-18,01:59:00,1584.7,1586,1581,1580.4,746,0
2020-08-18,02:59:00,1580.4,1584.3,1583.4,1577.6,1441,0
2020-08-18,03:59:00,1583,1586.4,1585.7,1583,727,0
2020-08-18,04:59:00,1585.7,1587.2,1585.4,1584.5,549,0
2020-08-18,05:59:00,1585.7,1587.1,1587,1585.3,426,0
2020-08-18,06:59:00,1587.2,1588.7,1585.5,1584.9,1190,0
2020-08-18,07:59:00,1585.4,1587.3,1586.2,1585,1007,0
2020-08-18,08:59:00,1586.1,1586.4,1572.2,1572.1,13653,0
2020-08-18,09:59:00,1572.3,1576.7,1569.5,1563.1,18212,0
2020-08-18,10:59:00,1569.4,1574.5,1570.7,1569.1,9583,0
2020-08-18,11:59:00,1570.7,1573.3,1570.8,1567.2,6737,0
2020-08-18,12:59:00,1571.1,1572.3,1571.6,1569.3,4901,0
2020-08-18,13:59:00,1571.5,1571.9,1569.3,1568.2,5690,0
2020-08-18,14:59:00,1569.4,1571.7,1567,1566.6,12052,0
2020-08-18,15:59:00,1567.1,1570.3,1569.7,1567.1,13017,0
2020-08-18,16:00:00,1569.7,1570,1569.8,1569.6,15,0
2020-08-18,17:59:00,1569.7,1570.8,1570.5,1568.5,296,0
2020-08-18,18:59:00,1570.5,1570.8,1569.9,1569.4,182,0
2020-08-18,19:59:00,1569.9,1569.9,1569,1567.7,287,0
2020-08-18,20:59:00,1569.2,1572.6,1570.8,1569,532,0
2020-08-18,21:59:00,1571.1,1571.9,1570.6,1570.6,130,0
2020-08-18,22:59:00,1570.6,1572.8,1571.8,1570.6,215,0
2020-08-18,23:58:00,1572.1,1572.5,1571.6,1570.4,247,0
2020-08-19,00:59:00,1571.4,1572.6,1571,1570,210,0
2020-08-19,01:58:00,1571.1,1572.1,1570,1569.5,282,0
2020-08-19,02:59:00,1569.9,1573.6,1572.6,1566,626,0
2020-08-19,03:59:00,1571.9,1572,1570.3,1569,471,0
2020-08-19,04:59:00,1569.9,1572.6,1571.4,1569.5,541,0
2020-08-19,05:59:00,1571.6,1573.1,1573.1,1569.2,723,0
2020-08-19,06:59:00,1573,1573.6,1573.4,1571.9,837,0
2020-08-19,07:59:00,1573.3,1574.2,1573,1569.3,1878,0
2020-08-19,08:59:00,1572.8,1581,1578.7,1569.8,16768,0
2020-08-19,09:59:00,1578.8,1581.2,1577.5,1572,12737,0
2020-08-19,10:59:00,1577.6,1586.5,1583.8,1576.1,13111,0
2020-08-19,11:59:00,1583.7,1584.9,1580.2,1579.5,6778,0
2020-08-19,12:59:00,1580.3,1582.9,1582.5,1579.1,4851,0
2020-08-19,13:59:00,1582.6,1583.7,1580,1575.3,18824,0
2020-08-19,14:59:00,1580.1,1581.7,1570.4,1567.5,20198,0
2020-08-19,15:59:00,1570.4,1571.4,1567,1566.4,10764,0
2020-08-19,16:00:00,1567.1,1567.8,1567,1567,32,0
2020-08-19,17:59:00,1568.1,1569.2,1567.6,1566.8,418,0
2020-08-19,18:59:00,1567.5,1568.1,1563.2,1563.2,626,0
2020-08-19,19:58:00,1563.6,1565.6,1562.7,1561.9,586,0
2020-08-19,20:59:00,1563.1,1564,1555,1554.9,1549,0
2020-08-19,21:59:00,1555,1556.6,1553.7,1551.6,1233,0
2020-08-19,22:59:00,1554,1557.2,1556.8,1553,755,0
2020-08-19,23:59:00,1556.9,1558.7,1556.6,1555.7,528,0
2020-08-20,00:59:00,1556.6,1558.8,1555.4,1554.5,456,0
2020-08-20,01:59:00,1555.7,1561.2,1559.4,1555,1210,0
2020-08-20,02:59:00,1559.2,1564.3,1561.6,1556.1,1407,0
2020-08-20,03:59:00,1561.7,1561.8,1559.4,1554.1,1544,0
2020-08-20,04:59:00,1559.4,1561.8,1560,1558.7,854,0
2020-08-20,05:59:00,1560.2,1564.6,1563.8,1559.2,773,0
2020-08-20,06:59:00,1563.8,1564.9,1561.1,1560.4,1150,0
2020-08-20,07:59:00,1561.4,1562.1,1558.5,1555.3,3658,0
2020-08-20,08:59:00,1558.4,1562.4,1559.7,1551.3,19033,0
2020-08-20,09:59:00,1559.7,1569.2,1564.2,1558.8,16199,0
2020-08-20,10:59:00,1564.1,1570.8,1568.5,1562.1,12194,0
2020-08-20,11:59:00,1568.6,1568.8,1561.6,1561.2,10862,0
2020-08-20,12:59:00,1561.5,1563.7,1561.3,1560.5,7072,0
2020-08-20,13:59:00,1561.2,1565.1,1564.3,1561.1,7062,0
2020-08-20,14:59:00,1564.4,1568.4,1565,1562.1,15429,0
2020-08-20,15:59:00,1565,1565.1,1562.9,1559.3,13675,0
2020-08-20,16:00:00,1562.7,1562.8,1562.6,1562.6,24,0
2020-08-20,17:59:00,1561.3,1565.6,1564,1560.6,591,0
2020-08-20,18:59:00,1564,1566.5,1566.1,1562.5,771,0
2020-08-20,19:59:00,1566.1,1569.1,1567.4,1565.8,728,0
2020-08-20,20:59:00,1567.4,1568.7,1563,1562,1121,0
2020-08-20,21:59:00,1563,1564.7,1562.7,1561.7,650,0
2020-08-20,22:59:00,1562.9,1565,1563.5,1562.9,259,0
2020-08-20,23:59:00,1563.7,1564.6,1563.8,1562.9,140,0
2020-08-21,00:58:00,1564,1565,1562.5,1562,208,0
2020-08-21,01:59:00,1562.8,1563.3,1563.2,1560.7,975,0
2020-08-21,02:59:00,1563,1564,1562.1,1556.6,1506,0
2020-08-21,03:59:00,1561.9,1561.9,1559.3,1556.8,947,0
2020-08-21,04:59:00,1559.2,1562.6,1561.3,1557.8,800,0
2020-08-21,05:59:00,1561.4,1562.4,1556.8,1556.3,811,0
2020-08-21,06:59:00,1557,1558.2,1550.1,1549.2,2481,0
2020-08-21,07:59:00,1549.9,1552.9,1551.8,1545.6,3130,0
2020-08-21,08:59:00,1551.7,1562.1,1557,1548.7,20854,0
2020-08-21,09:59:00,1557,1558.7,1549.4,1545,21693,0
2020-08-21,10:59:00,1549.4,1552.3,1550.4,1545.5,12162,0
2020-08-21,11:59:00,1550.5,1555.1,1543.7,1543.7,13123,0
2020-08-21,12:59:00,1543.7,1549.6,1548.6,1541.3,13247,0
2020-08-21,13:59:00,1548.6,1551.3,1548.8,1547.3,7735,0
2020-08-21,14:59:00,1548.7,1551.1,1551,1546.5,15643,0
2020-08-21,15:59:00,1551,1552.2,1548.9,1548,9569,0
2020-08-21,16:00:00,1549,1549.4,1548.6,1548.6,23,0
2020-08-23,17:58:00,1552.6,1555.3,1554.8,1551,998,0
2020-08-23,18:59:00,1554.8,1556.6,1553.1,1552.7,771,0
2020-08-23,19:59:00,1553.2,1554.7,1554.2,1551.6,507,0
2020-08-23,20:59:00,1554.4,1556.8,1555.2,1552.9,562,0
2020-08-23,21:59:00,1554.9,1556.4,1555.4,1554.7,176,0
2020-08-23,22:59:00,1555.2,1555.9,1554.9,1554.8,103,0
2020-08-23,23:56:00,1554.8,1555.1,1554.7,1553.6,204,0
2020-08-24,00:58:00,1555,1556.4,1556.4,1554.6,119,0
2020-08-24,01:59:00,1556.2,1559,1558.2,1556.2,615,0
2020-08-24,02:59:00,1558.2,1561.2,1559.5,1558.1,1624,0
2020-08-24,03:59:00,1559.5,1564.4,1563.7,1558.8,2195,0
2020-08-24,04:59:00,1563.6,1564.7,1563.6,1562,1163,0
2020-08-24,05:59:00,1563.7,1565.6,1565.2,1562.1,935,0
2020-08-24,06:59:00,1565.1,1567.2,1566.6,1564.3,1313,0
2020-08-24,07:59:00,1566.5,1567.9,1564,1563.2,3238,0
2020-08-24,08:59:00,1563.9,1564.7,1556.6,1548.6,21660,0
2020-08-24,09:59:00,1556.6,1567.5,1561.6,1556.4,19379,0
2020-08-24,10:59:00,1561.6,1564.9,1561.1,1560.5,9280,0
2020-08-24,11:59:00,1561.2,1563.1,1560.5,1559.9,5197,0
2020-08-24,12:59:00,1560.5,1562.4,1561.6,1559.2,5011,0
2020-08-24,13:59:00,1561.5,1561.8,1560.9,1558.4,5782,0
2020-08-24,14:59:00,1561,1566.9,1566.1,1559.5,14587,0
2020-08-24,15:59:00,1566.1,1568.7,1567.6,1565.6,12492,0
2020-08-24,16:00:00,1567.5,1568.3,1567.8,1567,89,0
2020-08-24,17:59:00,1567.5,1569.3,1568.7,1567.4,409,0
2020-08-24,18:59:00,1568.6,1573,1572,1567.5,720,0
2020-08-24,19:59:00,1572,1574.9,1574.8,1570.2,761,0
2020-08-24,20:59:00,1574.7,1578.4,1578.2,1573.5,550,0
2020-08-24,21:59:00,1578.2,1578.9,1576.7,1576.4,433,0
2020-08-24,22:59:00,1576.7,1578.4,1576.5,1575.7,232,0
2020-08-24,23:59:00,1576.4,1577.6,1575.9,1575.1,206,0
2020-08-25,00:58:00,1575.9,1576.4,1574.6,1574.6,229,0
2020-08-25,01:59:00,1574.5,1580.7,1578.8,1574.5,1273,0
2020-08-25,02:59:00,1578.7,1583.9,1580,1578.1,2780,0
2020-08-25,03:59:00,1580,1580,1576.6,1574.7,1287,0
2020-08-25,04:59:00,1576.4,1578.4,1578.3,1574.7,1048,0
2020-08-25,05:59:00,1578.3,1581.2,1580.8,1576.5,1706,0
2020-08-25,06:59:00,1580.8,1582.1,1579,1578.8,1585,0
2020-08-25,07:59:00,1578.9,1580.6,1577.1,1575.5,2898,0
2020-08-25,08:59:00,1577.2,1580,1570.9,1564.6,21090,0
2020-08-25,09:59:00,1570.8,1572.7,1560.7,1556.2,22988,0
2020-08-25,10:59:00,1560.8,1562.6,1555.6,1553.4,16405,0
2020-08-25,11:59:00,1555.5,1563.8,1561.9,1554.7,10172,0
2020-08-25,12:59:00,1561.9,1565.2,1563.5,1560.3,7158,0
2020-08-25,13:59:00,1563.5,1568.9,1567.1,1560.4,11644,0
2020-08-25,14:59:00,1567.2,1571.5,1570.2,1566,9972,0
2020-08-25,15:59:00,1570.2,1570.9,1569.6,1568.8,9434,0
2020-08-25,16:00:00,1569.7,1570.2,1570.2,1569.5,43,0
2020-08-25,17:58:00,1570,1570.7,1570.3,1569.2,337,0
2020-08-25,18:59:00,1570.4,1571,1570,1569.8,283,0
2020-08-25,19:59:00,1569.9,1571.5,1568.9,1568.2,469,0
2020-08-25,20:59:00,1568.7,1568.9,1567.6,1566.1,432,0
2020-08-25,21:59:00,1567.5,1568.7,1568.5,1566.6,294,0
2020-08-25,22:59:00,1568.6,1569.1,1569,1567.4,125,0
2020-08-25,23:58:00,1568.9,1569.5,1569,1568.4,64,0
2020-08-26,00:59:00,1569.1,1570.3,1568.7,1568.3,228,0
2020-08-26,01:59:00,1568.7,1568.8,1566.3,1566.3,471,0
2020-08-26,02:59:00,1566.5,1570.5,1568.9,1563.6,1320,0
2020-08-26,03:59:00,1569,1570.7,1568.4,1566.1,687,0
2020-08-26,04:59:00,1568.6,1569.6,1566.4,1565.9,468,0
2020-08-26,05:59:00,1566.4,1567.4,1567.4,1565.5,499,0
2020-08-26,06:59:00,1567.4,1567.9,1564.4,1564.3,877,0
2020-08-26,07:59:00,1564.4,1568.2,1567.7,1563.4,1868,0
2020-08-26,08:59:00,1567.6,1572.8,1571.3,1562.9,17146,0
2020-08-26,09:59:00,1571.3,1573.7,1564,1562.4,14867,0
2020-08-26,10:59:00,1564,1564.8,1562,1560.4,10740,0
2020-08-26,11:59:00,1562,1565.1,1564,1557.7,14114,0
2020-08-26,12:59:00,1563.9,1565,1561.6,1561.3,5899,0
2020-08-26,13:59:00,1561.7,1562.9,1558.7,1557.5,10041,0
2020-08-26,14:59:00,1558.6,1562.8,1558.7,1557.3,13510,0
2020-08-26,15:58:00,1558.8,1564.4,1562.8,1557.2,10902,0
2020-08-26,16:00:00,1562.8,1563.1,1563.1,1562.7,11,0
2020-08-26,17:59:00,1563,1563.6,1561.7,1560.6,519,0
2020-08-26,18:59:00,1561.8,1563.5,1562.6,1559.8,895,0
2020-08-26,19:59:00,1562.5,1563.4,1561.6,1560,337,0
2020-08-26,20:59:00,1561.7,1563.9,1558.9,1558.5,354,0
2020-08-26,21:58:00,1558.8,1560,1559.3,1558.2,337,0
2020-08-26,22:59:00,1559.7,1561.9,1561.1,1559.1,208,0
2020-08-26,23:59:00,1561.3,1562.3,1560.7,1560.3,178,0
2020-08-27,00:59:00,1560.5,1561.6,1560.3,1559.7,168,0
2020-08-27,01:59:00,1560.5,1561.7,1561.6,1558.9,352,0
2020-08-27,02:59:00,1561.5,1561.6,1560.1,1556.4,1481,0
2020-08-27,03:59:00,1560,1561,1559.6,1558,1233,0
2020-08-27,04:59:00,1559.6,1560.5,1559.6,1556.5,1260,0
2020-08-27,05:59:00,1559.5,1561.3,1560.9,1559.4,729,0
2020-08-27,06:59:00,1561,1561.2,1558.5,1557.4,1246,0
2020-08-27,07:59:00,1558.5,1562.1,1560,1557.5,1620,0
2020-08-27,08:59:00,1559.9,1574.6,1574.5,1558.8,24521,0
2020-08-27,09:59:00,1574.6,1575.4,1566.3,1559.1,21456,0
2020-08-27,10:59:00,1566.5,1568.6,1567.4,1562.1,16044,0
2020-08-27,11:59:00,1567.4,1567.5,1555.5,1554.6,17532,0
2020-08-27,12:59:00,1555.4,1562.1,1561.9,1551.7,10680,0
2020-08-27,13:59:00,1561.9,1569.7,1567.6,1561.5,9493,0
2020-08-27,14:59:00,1567.7,1570.7,1565.3,1564.4,12429,0
2020-08-27,15:59:00,1565.3,1569,1568.9,1563,11662,0
2020-08-27,16:00:00,1569.1,1569.2,1568.7,1568.7,53,0
2020-08-27,17:57:00,1568.4,1570,1569,1567.9,377,0
2020-08-27,18:59:00,1569.1,1570.5,1570.3,1568.4,172,0
2020-08-27,19:57:00,1570.2,1572,1569.1,1568,616,0
2020-08-27,20:59:00,1569.5,1574.5,1573.7,1569,712,0
2020-08-27,21:59:00,1573.7,1583.3,1583.1,1573.7,2517,0
2020-08-27,22:59:00,1582.8,1584.6,1582.8,1581.4,961,0
2020-08-27,23:59:00,1582.7,1582.8,1582.5,1580.3,432,0
2020-08-28,00:59:00,1582.7,1583.2,1579.9,1575.8,1604,0
2020-08-28,01:59:00,1580.1,1582.9,1580.5,1578.8,595,0
2020-08-28,02:59:00,1580.4,1580.7,1573,1567.8,2425,0
2020-08-28,03:59:00,1573.1,1577.9,1577,1571.8,1281,0
2020-08-28,04:59:00,1576.9,1579.7,1576.6,1574.4,1561,0
2020-08-28,05:59:00,1576.7,1577.1,1574.4,1571.5,1060,0
2020-08-28,06:59:00,1574.5,1577.4,1576.1,1574.2,1365,0
2020-08-28,07:59:00,1576.2,1578.3,1572.2,1571.8,2889,0
2020-08-28,08:59:00,1572.3,1573.8,1568.9,1562.6,18139,0
2020-08-28,09:59:00,1568.8,1571.1,1564.9,1563.4,16590,0
2020-08-28,10:59:00,1564.9,1571.7,1567.9,1563.8,11619,0
2020-08-28,11:59:00,1567.9,1572.2,1570.3,1567,6746,0
2020-08-28,12:59:00,1570.3,1571,1569.6,1566.9,6701,0
2020-08-28,13:59:00,1569.6,1573.1,1571.7,1567.8,6750,0
2020-08-28,14:59:00,1571.8,1577.1,1576.5,1570.1,15796,0
2020-08-28,15:59:00,1576.5,1578.3,1576.3,1574.5,11658,0
2020-08-28,16:00:00,1576.2,1576.7,1576.5,1576.2,21,0
2020-08-30,17:59:00,1576.9,1583.8,1581.6,1576.9,999,0
2020-08-30,18:59:00,1581.4,1586.1,1585.5,1580.8,538,0
2020-08-30,19:59:00,1585.6,1589.8,1587.8,1585.5,1619,0
2020-08-30,20:59:00,1587.8,1588.6,1587,1585.6,1073,0
2020-08-30,21:59:00,1586.8,1587.8,1587.4,1586.2,270,0
2020-08-30,22:59:00,1587.4,1587.7,1587,1585.9,180,0
2020-08-30,23:59:00,1587.1,1587.5,1586.2,1586,262,0
2020-08-31,00:59:00,1586,1586.1,1584.9,1583.2,749,0
2020-08-31,01:58:00,1584.8,1585.1,1584.3,1582.2,706,0
2020-08-31,02:59:00,1584.3,1586.4,1584.8,1582.4,951,0
2020-08-31,03:59:00,1584.8,1586.5,1585.7,1582.4,1058,0
2020-08-31,04:59:00,1585.8,1586.4,1583.4,1583.4,526,0
2020-08-31,05:59:00,1583.5,1584.3,1583.1,1581.8,1244,0
2020-08-31,06:59:00,1583.2,1585.1,1583.3,1581.7,870,0
2020-08-31,07:59:00,1583.4,1583.4,1579.3,1578.3,2158,0
2020-08-31,08:59:00,1579.2,1579.8,1564.3,1563.3,22171,0
2020-08-31,09:59:00,1564.4,1570.9,1566.4,1562.3,20695,0
2020-08-31,10:59:00,1566.5,1568.1,1565.5,1558.5,18497,0
2020-08-31,11:59:00,1565.6,1566.8,1562.9,1561.5,8349,0
2020-08-31,12:59:00,1563.1,1568,1567,1563,7988,0
2020-08-31,13:59:00,1567,1571.2,1569.6,1566.2,9386,0
2020-08-31,14:59:00,1569.7,1569.9,1563.2,1561.1,24191,0
2020-08-31,15:59:00,1563.3,1564.7,1559.4,1558.1,29482,0
2020-08-31,16:00:00,1559.4,1559.5,1559.4,1558.9,38,0
2020-08-31,17:59:00,1560.3,1561.5,1557.9,1554.3,2452,0
2020-08-31,18:59:00,1557.8,1561,1560.2,1557.8,983,0
2020-08-31,19:59:00,1560.3,1564.1,1558.7,1557.5,1474,0
2020-08-31,20:59:00,1558.8,1563.5,1563.5,1557.5,1418,0
2020-08-31,21:59:00,1563.7,1564.2,1563.3,1561.7,485,0
2020-08-31,22:58:00,1563.5,1563.7,1562,1560.7,306,0
2020-08-31,23:58:00,1561.9,1563.7,1563.4,1561.6,202,0
2020-09-01,00:59:00,1563.9,1564.6,1564,1562.5,252,0
2020-09-01,01:59:00,1564,1566,1565.5,1562,608,0
2020-09-01,02:59:00,1565.3,1570.4,1566.8,1562.5,2794,0
2020-09-01,03:59:00,1566.8,1567.4,1560.4,1559.7,2162,0
2020-09-01,04:59:00,1560.4,1564.7,1561.1,1559.1,1287,0
2020-09-01,05:59:00,1561.3,1564.2,1563.8,1560.9,650,0
2020-09-01,06:59:00,1563.8,1564.1,1560.1,1559.2,1203,0
2020-09-01,07:59:00,1560,1562.5,1559.4,1558.6,2568,0
2020-09-01,08:59:00,1559.5,1564,1563,1549.8,22388,0
2020-09-01,09:59:00,1563,1570.8,1566.7,1561.8,22322,0
2020-09-01,10:59:00,1566.7,1573.7,1570,1565.2,15237,0
2020-09-01,11:59:00,1570,1573.5,1571.6,1568.6,10683,0
2020-09-01,12:59:00,1571.6,1572.6,1570.6,1568.4,8507,0
2020-09-01,13:59:00,1570.6,1572.4,1571.5,1569.9,8306,0
2020-09-01,14:59:00,1571.5,1576.9,1576.5,1570.8,13679,0
2020-09-01,15:59:00,1576.4,1580.9,1580,1576,14152,0
2020-09-01,16:00:00,1580,1580,1580,1579.3,86,0
2020-09-01,17:59:00,1579.2,1580.5,1579.3,1578.1,460,0
2020-09-01,18:59:00,1579.2,1581.8,1581.6,1578.4,704,0
2020-09-01,19:59:00,1581.6,1584.8,1582.6,1581,1024,0
2020-09-01,20:59:00,1582.6,1583.7,1580.5,1580.5,930,0
2020-09-01,21:59:00,1580.9,1581.5,1580.2,1579.2,684,0
2020-09-01,22:59:00,1580.3,1582.3,1582.1,1580.3,246,0
2020-09-01,23:59:00,1582.1,1584.1,1582.1,1581.9,355,0
2020-09-02,00:59:00,1581.9,1584.9,1584.5,1581.7,493,0
2020-09-02,01:59:00,1584.6,1586.8,1584,1582.7,847,0
2020-09-02,02:59:00,1584,1587.2,1586.4,1582.7,1827,0
2020-09-02,03:59:00,1586.6,1591,1588.1,1585.1,2415,0
2020-09-02,04:59:00,1588.1,1590.6,1589.4,1587.1,1188,0
2020-09-02,05:59:00,1589.6,1590.7,1588.4,1586.3,1115,0
2020-09-02,06:59:00,1588.5,1588.6,1586.3,1585.6,1203,0
2020-09-02,07:59:00,1586.5,1587.3,1583.6,1582.4,3193,0
2020-09-02,08:59:00,1583.7,1585.1,1569.1,1567.2,19744,0
2020-09-02,09:59:00,1569,1582.2,1578.1,1568.8,24443,0
2020-09-02,10:59:00,1578.1,1582.4,1581,1574.6,15754,0
2020-09-02,11:59:00,1581,1584.4,1582.3,1579.1,11521,0
2020-09-02,12:59:00,1582.3,1584.3,1581.5,1578.9,9232,0
2020-09-02,13:59:00,1581.4,1587.2,1586.6,1578.2,9923,0
2020-09-02,14:59:00,1586.5,1595.7,1592.3,1585.3,21742,0
2020-09-02,15:59:00,1592.2,1592.8,1591.5,1589.5,12208,0
2020-09-02,16:00:00,1591.6,1591.8,1591.4,1591.2,65,0
2020-09-02,17:59:00,1591,1593.4,1593,1589,796,0
2020-09-02,18:59:00,1593,1595.4,1594.4,1592.6,438,0
2020-09-02,19:59:00,1594,1594,1589.8,1589.8,599,0
2020-09-02,20:59:00,1589.8,1593.6,1593.3,1588,826,0
2020-09-02,21:59:00,1593.6,1594.6,1591.6,1591.4,526,0
2020-09-02,22:59:00,1592,1592.4,1590.9,1588.9,309,0
2020-09-02,23:58:00,1591.2,1591.5,1589.4,1589.2,163,0
2020-09-03,00:59:00,1590,1590.3,1587.1,1586.2,506,0
2020-09-03,01:59:00,1587.3,1589.7,1588.9,1585.3,636,0
2020-09-03,02:59:00,1588.8,1594.7,1594.4,1588,1631,0
2020-09-03,03:59:00,1594.3,1594.9,1592.7,1590.7,1315,0
2020-09-03,04:59:00,1592.6,1592.6,1590.6,1589.8,2101,0
2020-09-03,05:59:00,1590.6,1593.2,1591.7,1589.5,2499,0
2020-09-03,06:59:00,1591.2,1592.1,1590.2,1586.6,1959,0
2020-09-03,07:59:00,1590,1594.1,1588.6,1586.7,4746,0
2020-09-03,08:59:00,1588.6,1590.2,1584.6,1580.6,22713,0
2020-09-03,09:59:00,1584.7,1585.7,1563.9,1559.5,45191,0
2020-09-03,10:59:00,1563.9,1564,1550.8,1534.7,48986,0
2020-09-03,11:59:00,1550.9,1557.6,1546.7,1545.5,23376,0
2020-09-03,12:59:00,1546.6,1552,1546.6,1541.1,19778,0
2020-09-03,13:59:00,1546.6,1555.1,1547.1,1543.6,19004,0
2020-09-03,14:59:00,1547,1547.6,1544,1536.2,36543,0
2020-09-03,15:59:00,1544,1551.3,1549.7,1542.5,22827,0
2020-09-03,16:00:00,1549.4,1549.6,1549.1,1549.1,17,0
2020-09-03,17:59:00,1548.8,1549.4,1543.9,1543,2109,0
2020-09-03,18:59:00,1544,1545.7,1543.4,1540.8,2403,0
2020-09-03,19:59:00,1543.1,1551.6,1550.6,1543.1,1610,0
2020-09-03,20:59:00,1550.5,1555.5,1552.9,1549.5,1299,0
2020-09-03,21:59:00,1552.8,1555.3,1549,1548.2,566,0
2020-09-03,22:59:00,1549.3,1550.8,1548.2,1545.9,591,0
2020-09-03,23:59:00,1548.2,1551.6,1550.8,1547.2,569,0
2020-09-04,00:59:00,1550.5,1554.5,1553.7,1548.8,446,0
2020-09-04,01:59:00,1553.2,1554.2,1549.6,1547.8,868,0
2020-09-04,02:59:00,1549.5,1560.6,1560.4,1544,2507,0
2020-09-04,03:59:00,1560.7,1563.4,1562.4,1558.1,1852,0
2020-09-04,04:59:00,1562.3,1567.8,1567.3,1561.6,1355,0
2020-09-04,05:59:00,1567,1570.3,1567.9,1565.2,2892,0
2020-09-04,06:59:00,1567.9,1568.7,1557,1556.2,4710,0
2020-09-04,07:59:00,1557.1,1570.1,1567.9,1557.1,7422,0
2020-09-04,08:59:00,1567.8,1570.5,1538.5,1538,37260,0
2020-09-04,09:59:00,1538.4,1545.9,1516.3,1498.1,53934,0
2020-09-04,10:59:00,1516.3,1523.2,1520.5,1507,31261,0
2020-09-04,11:59:00,1520.6,1529.7,1526.7,1516.3,21738,0
2020-09-04,12:59:00,1526.5,1527,1523.6,1516,11348,0
2020-09-04,13:59:00,1523.7,1541.4,1540.5,1521.8,12834,0
2020-09-04,14:59:00,1540.2,1544.7,1534.2,1530,25565,0
2020-09-04,15:59:00,1534.1,1535.1,1529.9,1529.1,16553,0
2020-09-04,16:00:00,1529.9,1530.7,1530.4,1529.9,35,0
2020-09-06,17:59:00,1532.9,1538.8,1531.6,1520.1,1646,0
2020-09-06,18:59:00,1531.3,1536.4,1531.6,1529.7,783,0
2020-09-06,19:59:00,1531.4,1539.8,1536.3,1527.5,1545,0
2020-09-06,20:59:00,1536.2,1540.1,1537.3,1533.8,618,0
2020-09-06,21:59:00,1538,1538.6,1535.8,1530.3,526,0
2020-09-06,22:58:00,1536.2,1537.5,1537.4,1535.2,169,0
2020-09-06,23:56:00,1537.5,1537.5,1534.6,1533.4,186,0
2020-09-07,00:59:00,1534,1535.4,1531.6,1530.3,344,0
2020-09-07,01:59:00,1532,1536,1529.3,1526.1,783,0
2020-09-07,02:59:00,1529.7,1534.9,1532.1,1527.4,928,0
2020-09-07,03:59:00,1532.5,1537.8,1533,1531.8,710,0
2020-09-07,04:59:00,1532.9,1537.2,1532.8,1530.8,330,0
2020-09-07,05:59:00,1533.6,1538.2,1534.9,1532.3,417,0
2020-09-07,06:59:00,1535.1,1540.8,1538.6,1533.7,453,0
2020-09-07,07:59:00,1538.9,1541.2,1539.1,1537,949,0
2020-09-07,08:59:00,1538.7,1543.6,1541.2,1535.2,2339,0
2020-09-07,09:59:00,1541.2,1548.3,1547.6,1540.7,2600,0
2020-09-07,10:59:00,1547.7,1550.9,1547.9,1546.1,2493,0
2020-09-07,11:59:00,1547.8,1549.4,1546.7,1543.5,1530,0
2020-09-07,12:00:00,1546.6,1546.6,1545.5,1545.5,48,0
2020-09-07,17:59:00,1545.3,1549.5,1547.5,1543.9,861,0
2020-09-07,18:57:00,1547.5,1550.8,1548.9,1546.4,502,0
2020-09-07,19:58:00,1548.2,1550,1546.1,1544.8,368,0
2020-09-07,20:59:00,1545.7,1547.5,1546.3,1543.6,346,0
2020-09-07,21:59:00,1546.8,1548.3,1543.6,1543.4,407,0
2020-09-07,22:59:00,1543.8,1545.4,1544.5,1541.8,514,0
2020-09-07,23:59:00,1544.8,1546.1,1545.2,1544,207,0
2020-09-08,00:59:00,1545.5,1549.2,1548.7,1544,550,0
2020-09-08,01:59:00,1548.7,1553.4,1550,1548.6,1332,0
2020-09-08,02:59:00,1550.2,1552.1,1548.4,1546.1,1316,0
2020-09-08,03:59:00,1548.9,1550.1,1541.8,1538.9,3893,0
2020-09-08,04:59:00,1541.5,1545.7,1541.3,1539.5,2818,0
2020-09-08,05:59:00,1541.2,1544.8,1536.4,1532.2,3365,0
2020-09-08,06:59:00,1536.2,1538.1,1527.9,1522.6,6670,0
2020-09-08,07:59:00,1527.5,1528.6,1526.1,1517.4,7691,0
2020-09-08,08:59:00,1526.1,1526.2,1513.2,1495.3,34868,0
2020-09-08,09:59:00,1513.3,1517.8,1508.2,1502,31716,0
2020-09-08,10:59:00,1508.6,1518.2,1509,1504,23087,0
2020-09-08,11:59:00,1508.9,1520.3,1519.1,1508.7,13709,0
2020-09-08,12:59:00,1519.3,1530.3,1528.4,1517,24903,0
2020-09-08,13:59:00,1528.4,1530.3,1517.1,1507.9,27751,0
2020-09-08,14:59:00,1517,1518.3,1505.3,1504.3,27535,0
2020-09-08,15:59:00,1505.4,1510,1507.7,1502.7,19339,0
2020-09-08,16:00:00,1507.7,1508.8,1508.3,1507.6,138,0
2020-09-08,17:59:00,1495.4,1497.5,1489.6,1479.6,4337,0
2020-09-08,18:59:00,1489.1,1496.4,1495.4,1486.7,1591,0
2020-09-08,19:59:00,1495.4,1502.2,1501.1,1494.5,1818,0
2020-09-08,20:59:00,1500.8,1504.8,1501.9,1497,1149,0
2020-09-08,21:59:00,1501.9,1503.9,1502.5,1497.6,398,0
2020-09-08,22:59:00,1502.5,1504.1,1502.9,1501,268,0
2020-09-08,23:59:00,1502.7,1506.6,1505.8,1502,303,0
2020-09-09,00:59:00,1505.8,1511.3,1504.9,1504.7,631,0
2020-09-09,01:59:00,1504.8,1507.2,1499,1494.8,2069,0
2020-09-09,02:59:00,1498.8,1512.9,1511.8,1498.8,2459,0
2020-09-09,03:59:00,1511.7,1519.2,1513.2,1510.2,2839,0
2020-09-09,04:59:00,1512.8,1518.5,1517.9,1509.3,1673,0
2020-09-09,05:59:00,1518.4,1519.6,1512.1,1511.4,1213,0
2020-09-09,06:59:00,1512.9,1516.3,1515.9,1507.9,1954,0
2020-09-09,07:59:00,1515.8,1521.1,1515.9,1515.3,3293,0
2020-09-09,08:59:00,1515.8,1524.5,1523.2,1515.2,24807,0
2020-09-09,09:59:00,1523.2,1527,1512.6,1511.1,26345,0
2020-09-09,10:59:00,1512.7,1523.9,1518.6,1512.1,19229,0
2020-09-09,11:59:00,1518.6,1524.9,1523.6,1518.2,9058,0
2020-09-09,12:59:00,1523.6,1530.4,1526.4,1523.5,13288,0
2020-09-09,13:59:00,1526.4,1529.5,1528.4,1522.7,15507,0
2020-09-09,14:59:00,1528.3,1533.4,1524.9,1524.5,23162,0
2020-09-09,15:59:00,1524.9,1527.6,1522.7,1522.5,16313,0
2020-09-09,16:00:00,1522.8,1523.1,1522.8,1522.6,16,0
2020-09-09,17:59:00,1523.9,1529,1528.1,1523.4,948,0
2020-09-09,18:59:00,1528.2,1529.6,1527.8,1526.5,1142,0
2020-09-09,19:59:00,1528.1,1529.1,1522.9,1521.4,1061,0
2020-09-09,20:59:00,1522.7,1523.6,1521.1,1518.9,772,0
2020-09-09,21:59:00,1521,1523.5,1522.7,1516.7,566,0
2020-09-09,22:59:00,1522.3,1523.5,1520.2,1519.8,304,0
2020-09-09,23:59:00,1520.1,1521.4,1520.9,1519.4,444,0
2020-09-10,00:59:00,1520.9,1527.4,1527.1,1520.6,511,0
2020-09-10,01:59:00,1526.9,1527.5,1524.3,1522.7,879,0
2020-09-10,02:59:00,1524.1,1525.7,1516.4,1515.1,2168,0
2020-09-10,03:59:00,1516.3,1517.5,1516.2,1512.2,1888,0
2020-09-10,04:59:00,1516.2,1519.7,1518.9,1513.9,1066,0
2020-09-10,05:59:00,1519,1522.4,1514.7,1513.4,1420,0
2020-09-10,06:59:00,1515.1,1521.5,1521,1514.7,1352,0
2020-09-10,07:59:00,1520.7,1532.6,1529.1,1518.4,3896,0
2020-09-10,08:59:00,1529,1544.3,1539.1,1529,17984,0
2020-09-10,09:59:00,1539.2,1543.3,1522.7,1521.6,21339,0
2020-09-10,10:59:00,1522.7,1532.9,1526.9,1519.6,31184,0
2020-09-10,11:59:00,1526.9,1531.7,1526,1521.1,25673,0
2020-09-10,12:59:00,1526,1532.7,1526.1,1525,8664,0
2020-09-10,13:59:00,1526.3,1529,1520,1513,27048,0
2020-09-10,14:59:00,1520.1,1521.7,1508.9,1506,27580,0
2020-09-10,15:59:00,1508.8,1509.4,1508,1504.6,11940,0
2020-09-10,16:00:00,1507.9,1508.5,1508.4,1506.8,52,0
2020-09-10,17:59:00,1508.6,1513.1,1511.9,1508.2,911,0
2020-09-10,18:59:00,1511.5,1513.7,1510.8,1510.2,307,0
2020-09-10,19:59:00,1510.9,1515.7,1514,1508.8,722,0
2020-09-10,20:59:00,1514,1518.4,1517.3,1513.8,649,0
2020-09-10,21:59:00,1517.3,1519.5,1517.1,1516.1,582,0
2020-09-10,22:59:00,1517.3,1518,1517,1515.9,170,0
2020-09-10,23:59:00,1516.9,1520,1518.8,1516.9,199,0
2020-09-11,00:58:00,1518.7,1521.7,1520.9,1518.3,234,0
2020-09-11,01:59:00,1520.7,1520.7,1517.9,1515.6,711,0
2020-09-11,02:59:00,1518.2,1523.1,1515.6,1514.1,1159,0
2020-09-11,03:59:00,1515.7,1520.8,1518,1514.7,1011,0
2020-09-11,04:59:00,1517.7,1521.8,1521.5,1517,960,0
2020-09-11,05:59:00,1522,1522.6,1519.7,1516.9,782,0
2020-09-11,06:59:00,1519.8,1520,1516.6,1514.5,1181,0
2020-09-11,07:59:00,1516.4,1517.7,1513.5,1511,1397,0
2020-09-11,08:59:00,1513.4,1517.4,1502.2,1502.2,7669,0
2020-09-11,09:59:00,1502.6,1514.3,1508.2,1502.2,9519,0
2020-09-11,10:59:00,1508,1514.5,1505.4,1503.8,6462,0
2020-09-11,11:59:00,1505,1510.1,1497.8,1497.4,7525,0
2020-09-11,12:59:00,1497.7,1498.9,1484.3,1483.6,10067,0
2020-09-11,13:59:00,1484.2,1496.5,1494.9,1481.6,8820,0
2020-09-11,14:59:00,1494.8,1502.7,1496.8,1489.2,7761,0
2020-09-11,15:59:00,1496.7,1497.8,1493.2,1492.1,5445,0
2020-09-11,16:00:00,1493.5,1494.2,1494.1,1493.4,26,0
2020-09-13,17:58:00,1500.4,1504.9,1503.4,1496.8,225,0
2020-09-13,18:59:00,1502.9,1506,1505.4,1500.6,264,0
2020-09-13,19:59:00,1505.5,1506.6,1505.9,1503.5,236,0
2020-09-13,20:59:00,1505.8,1509.3,1508.9,1505.5,210,0
2020-09-13,21:59:00,1509.1,1511.6,1510.3,1509,546,0
2020-09-13,22:59:00,1510.2,1513.8,1511.4,1510,310,0
2020-09-13,23:59:00,1511.3,1511.6,1510.5,1510,249,0
2020-09-14,00:59:00,1510.5,1513.7,1513,1509.1,197,0
2020-09-14,01:59:00,1512.9,1515.4,1515,1511.3,307,0
2020-09-14,02:59:00,1515,1517.8,1515.5,1514.2,973,0
2020-09-14,03:59:00,1515.3,1517.6,1508.6,1507.4,529,0
2020-09-14,04:59:00,1508.2,1510,1505.2,1503.3,508,0
2020-09-14,05:59:00,1505.1,1507.6,1507.6,1503.6,482,0
2020-09-14,06:59:00,1507.4,1509.7,1508,1505.8,714,0
2020-09-14,07:59:00,1507.9,1510.8,1509.3,1506.3,761,0
2020-09-14,08:59:00,1509.2,1522.5,1520.6,1504.7,4849,0
2020-09-14,09:59:00,1520.5,1523.3,1518.3,1516.9,3858,0
2020-09-14,10:59:00,1518.2,1526.3,1523.1,1516,2856,0
2020-09-14,11:59:00,1523.1,1531,1530.1,1522.2,2568,0
2020-09-14,12:59:00,1530,1532.7,1528.9,1525.4,2555,0
2020-09-14,13:59:00,1528.9,1533.7,1531,1526.4,2507,0
2020-09-14,14:59:00,1531,1535.6,1533.6,1526,5169,0
2020-09-14,15:59:00,1533.6,1535.1,1530.3,1529.1,4057,0
2020-09-14,16:00:00,1530.2,1530.3,1530.3,1530.2,2,0
2020-09-14,17:58:00,1529.4,1534.7,1534.2,1529.3,201,0
2020-09-14,18:59:00,1534.1,1534.5,1533.3,1531.4,155,0
2020-09-14,19:59:00,1533.3,1534.8,1531.7,1530.2,196,0
2020-09-14,20:59:00,1532.2,1535.9,1535.1,1531,224,0
2020-09-14,21:58:00,1536,1537,1535.5,1534.5,155,0
2020-09-14,22:59:00,1535.3,1537.1,1536.7,1535.2,75,0
2020-09-14,23:59:00,1536,1538.2,1537.7,1535.8,117,0
2020-09-15,00:59:00,1538.3,1538.3,1538.1,1534.6,271,0
2020-09-15,01:59:00,1538.1,1542.1,1537.8,1537.3,768,0
2020-09-15,02:59:00,1537.8,1540.4,1536,1535.7,754,0
2020-09-15,03:59:00,1536.8,1538.9,1538,1535,535,0
2020-09-15,04:59:00,1537.9,1540.7,1540.7,1537.7,515,0
2020-09-15,05:59:00,1540.5,1542.5,1542.3,1538.9,693,0
2020-09-15,06:59:00,1542.3,1543.5,1541.7,1540.4,704,0
2020-09-15,07:59:00,1541.6,1548.8,1546.6,1540,968,0
2020-09-15,08:59:00,1546.5,1548.2,1536.8,1536.5,2569,0
2020-09-15,09:59:00,1536.7,1545.8,1545.6,1534.7,2533,0
2020-09-15,10:59:00,1545.5,1546.8,1538.8,1538.3,2113,0
2020-09-15,11:59:00,1538.7,1541.2,1540.2,1538.1,1978,0
2020-09-15,12:59:00,1540.3,1542.9,1541.1,1540.2,1732,0
2020-09-15,13:59:00,1541.1,1543.6,1541.6,1539.4,2617,0
2020-09-15,14:59:00,1541.8,1542,1534.2,1529.3,3365,0
2020-09-15,15:59:00,1534,1537.2,1536.8,1533.9,1727,0
2020-09-15,16:00:00,1536.7,1537,1536.6,1536.4,14,0
2020-09-15,17:59:00,1536.5,1538.8,1537.4,1536,297,0
2020-09-15,18:59:00,1537.5,1537.9,1535.6,1533.9,410,0
2020-09-15,19:58:00,1535.2,1537,1536.6,1532.7,241,0
2020-09-15,20:59:00,1536.5,1537.9,1537.7,1534.8,225,0
2020-09-15,21:59:00,1537.9,1540.5,1539,1537.4,377,0
2020-09-15,22:57:00,1539.4,1541.4,1540.5,1539.4,216,0
2020-09-15,23:55:00,1540.6,1540.9,1539.2,1539,102,0
2020-09-16,00:57:00,1539.1,1539.1,1537.1,1537.1,162,0
2020-09-16,01:59:00,1537.4,1540.1,1539.4,1536,279,0
2020-09-16,02:59:00,1540,1542.8,1541,1538.8,572,0
2020-09-16,03:59:00,1541.1,1544.8,1543,1539.9,669,0
2020-09-16,04:58:00,1542.9,1546.5,1546.2,1542.9,680,0
2020-09-16,05:59:00,1546.4,1547,1546.5,1542.3,810,0
2020-09-16,06:59:00,1545.9,1547.4,1546.6,1543.7,1350,0
2020-09-16,07:59:00,1546.5,1548.2,1546.1,1542.7,1766,0
2020-09-16,08:59:00,1546,1546,1545.4,1539.6,14573,0
2020-09-16,09:59:00,1545.4,1554,1548.3,1544.1,21804,0
2020-09-16,10:59:00,1548.3,1559.1,1555.7,1547.2,12782,0
2020-09-16,11:59:00,1555.8,1561,1560,1554.6,7757,0
2020-09-16,12:59:00,1560,1560.8,1559.4,1555.5,7792,0
2020-09-16,13:59:00,1559.5,1569.6,1560.5,1558,15547,0
2020-09-16,14:59:00,1560.6,1562.2,1548.3,1545.4,22752,0
2020-09-16,15:59:00,1548.3,1552.5,1551,1546.6,8796,0
2020-09-16,16:00:00,1551,1551,1550.5,1550.3,51,0
2020-09-16,17:59:00,1550.9,1554.1,1552.6,1549.3,606,0
2020-09-16,18:59:00,1552,1553.5,1550.3,1550.2,250,0
2020-09-16,19:59:00,1550.4,1551.6,1545.1,1541.5,1329,0
2020-09-16,20:59:00,1545.2,1547.8,1537.9,1536.3,1337,0
2020-09-16,21:59:00,1537.8,1538,1534.5,1533.9,962,0
2020-09-16,22:59:00,1534.7,1535.8,1534.6,1529.6,930,0
2020-09-16,23:59:00,1534.5,1535.3,1531.7,1531.7,371,0
2020-09-17,00:59:00,1531.6,1535.6,1533.3,1531,240,0
2020-09-17,01:59:00,1533.5,1533.7,1525.4,1518.8,2499,0
2020-09-17,02:59:00,1525.4,1531.2,1528.4,1523,1947,0
2020-09-17,03:59:00,1528.3,1533.3,1531.6,1527.9,1069,0
2020-09-17,04:59:00,1531.1,1533,1530.6,1528.6,1481,0
2020-09-17,05:59:00,1530.5,1532.1,1529.2,1528.3,1074,0
2020-09-17,06:59:00,1529.2,1534,1532.1,1527.7,1946,0
2020-09-17,07:59:00,1532.2,1532.8,1524.5,1523.2,3721,0
2020-09-17,08:59:00,1524.5,1531.6,1530.2,1517.9,24109,0
2020-09-17,09:59:00,1530.2,1542.4,1538.6,1530.2,23321,0
2020-09-17,10:59:00,1538.5,1545,1535.8,1534.7,21995,0
2020-09-17,11:59:00,1535.6,1536.6,1535.5,1526.4,24669,0
2020-09-17,12:59:00,1535.4,1540.6,1538.9,1532.7,13456,0
2020-09-17,13:59:00,1538.9,1543.2,1538.4,1534.7,8368,0
2020-09-17,14:59:00,1538.5,1539.9,1537,1530.9,24036,0
2020-09-17,15:59:00,1537,1539.9,1536.5,1535.9,12391,0
2020-09-17,16:00:00,1536.5,1536.9,1536.6,1536.4,70,0
2020-09-17,17:59:00,1536.4,1541,1540.5,1535,436,0
2020-09-17,18:59:00,1540.9,1542.2,1537.1,1536.9,377,0
2020-09-17,19:59:00,1537,1540.1,1532.5,1532.3,922,0
2020-09-17,20:59:00,1533.4,1535.8,1533.6,1528.7,759,0
2020-09-17,21:59:00,1533.2,1535.5,1534.6,1532.3,323,0
2020-09-17,22:59:00,1534.5,1537.3,1534.8,1534.5,296,0
2020-09-17,23:59:00,1534.7,1536.9,1536,1533.6,244,0
2020-09-18,00:59:00,1536,1537.7,1537.7,1534,368,0
2020-09-18,01:59:00,1537.8,1539.1,1537.1,1536.4,545,0
2020-09-18,02:59:00,1537.1,1538.4,1534.8,1533.2,919,0
2020-09-18,03:59:00,1534.7,1537.9,1536,1534,418,0
2020-09-18,04:59:00,1535.8,1538.8,1535.6,1534.5,546,0
2020-09-18,05:59:00,1535.3,1537.8,1537.2,1534.7,799,0
2020-09-18,06:59:00,1537.2,1540,1535.7,1535.2,1431,0
2020-09-18,07:59:00,1535.9,1539.7,1538.7,1535,2796,0
2020-09-18,08:59:00,1538.9,1547.6,1539.3,1536.7,24636,0
2020-09-18,09:59:00,1539.4,1553.1,1544.4,1539.1,23749,0
2020-09-18,10:59:00,1544.5,1548.7,1539.4,1535.6,19859,0
2020-09-18,11:59:00,1539.4,1539.4,1523.5,1521.4,21186,0
2020-09-18,12:59:00,1523.7,1527.3,1522.1,1511.5,20436,0
2020-09-18,13:59:00,1522.2,1527.4,1525.8,1519.3,11729,0
2020-09-18,14:59:00,1525.8,1533.7,1530.9,1525.6,29753,0
2020-09-18,15:59:00,1531,1536.4,1533.4,1529.8,22548,0
2020-09-18,16:00:00,1533.3,1534.5,1534.4,1533.3,67,0
2020-09-20,17:59:00,1534.8,1534.8,1530.8,1524.5,1923,0
2020-09-20,18:59:00,1531,1535.7,1532.8,1529.6,652,0
2020-09-20,19:58:00,1532.9,1537.1,1536.2,1532.4,572,0
2020-09-20,20:59:00,1536,1538.5,1530.9,1530.3,670,0
2020-09-20,21:56:00,1531.1,1535.5,1535.2,1530.8,330,0
2020-09-20,22:59:00,1534,1534,1530.7,1528.7,332,0
2020-09-20,23:59:00,1531,1531.7,1528.4,1528.2,286,0
2020-09-21,00:59:00,1528.9,1530.1,1527.5,1524,706,0
2020-09-21,01:59:00,1527.3,1528,1527.9,1523.7,532,0
2020-09-21,02:59:00,1527.8,1529.4,1513.2,1508.7,3864,0
2020-09-21,03:59:00,1513.3,1513.9,1498.9,1494.8,4828,0
2020-09-21,04:59:00,1499.1,1508.3,1501.4,1497.3,2289,0
2020-09-21,05:59:00,1501.4,1505.9,1502.8,1500.3,2256,0
2020-09-21,06:59:00,1502.7,1505.5,1505.3,1500.4,2014,0
2020-09-21,07:59:00,1505.4,1505.7,1496.9,1491.2,6473,0
2020-09-21,08:59:00,1496.8,1502.5,1492.8,1482,30869,0
2020-09-21,09:59:00,1492.6,1493.1,1476.5,1467.2,34273,0
2020-09-21,10:59:00,1476.6,1481.3,1473.9,1467.1,29479,0
2020-09-21,11:59:00,1473.8,1477.5,1465.9,1465.3,19243,0
2020-09-21,12:59:00,1466.2,1474,1467.5,1464.6,17463,0
2020-09-21,13:59:00,1467.4,1469.9,1469,1462.9,20225,0
2020-09-21,14:59:00,1469.1,1480.7,1478.6,1467.9,28998,0
2020-09-21,15:59:00,1478.7,1485.5,1481.5,1478,14915,0
2020-09-21,16:00:00,1481.5,1481.5,1481.2,1480.7,110,0
2020-09-21,17:59:00,1479.6,1484.5,1483.2,1479.3,842,0
2020-09-21,18:59:00,1483.3,1486.5,1486.3,1482.3,444,0
2020-09-21,19:59:00,1486.3,1489.2,1486,1483.3,745,0
2020-09-21,20:59:00,1485.8,1485.8,1480.7,1477.4,556,0
2020-09-21,21:57:00,1480.9,1482.1,1478.8,1476.9,281,0
2020-09-21,22:59:00,1479.2,1482.9,1480.4,1478.5,300,0
2020-09-21,23:58:00,1480.4,1481.9,1481.5,1478.9,189,0
2020-09-22,00:59:00,1481.5,1481.5,1475.8,1475.2,321,0
2020-09-22,01:59:00,1475.4,1480.3,1477.3,1474.8,497,0
2020-09-22,02:59:00,1478.1,1479.4,1478.5,1472.8,1517,0
2020-09-22,03:59:00,1478.6,1482.7,1477.9,1476.7,1409,0
2020-09-22,04:58:00,1478.1,1484.3,1481.4,1478.1,1247,0
2020-09-22,05:59:00,1481.4,1484,1483.6,1479.9,574,0
2020-09-22,06:59:00,1483.1,1487.9,1476.8,1476.3,2860,0
2020-09-22,07:59:00,1476.8,1484,1481.7,1476.8,3032,0
2020-09-22,08:59:00,1481.6,1490.6,1474.7,1474,21881,0
2020-09-22,09:59:00,1474.7,1484.4,1471.3,1470.5,27762,0
2020-09-22,10:59:00,1471.2,1476,1476,1465.6,17951,0
2020-09-22,11:59:00,1476.1,1479.7,1475.6,1473.5,9718,0
2020-09-22,12:59:00,1475.5,1487.1,1486.2,1473.3,7650,0
2020-09-22,13:59:00,1486.1,1492.3,1488.7,1485.6,14041,0
2020-09-22,14:59:00,1488.6,1493.4,1490,1484.4,25006,0
2020-09-22,15:59:00,1490,1491.7,1489.3,1486.5,11246,0
2020-09-22,16:00:00,1489.3,1489.3,1488.6,1488.3,62,0
2020-09-22,17:59:00,1489.8,1491,1486.2,1485.9,848,0
2020-09-22,18:59:00,1486.2,1490.6,1490.1,1485.7,538,0
2020-09-22,19:59:00,1490.4,1492,1487.6,1487,542,0
2020-09-22,20:58:00,1487.4,1489.9,1489,1485.2,479,0
2020-09-22,21:57:00,1489.4,1490.3,1487.4,1486.1,220,0
2020-09-22,22:58:00,1486.7,1489.6,1488.4,1485.3,251,0
2020-09-22,23:58:00,1488.4,1490,1488.9,1487.4,253,0
2020-09-23,00:59:00,1489.4,1493.3,1492.7,1489.1,294,0
2020-09-23,01:59:00,1492.8,1493.1,1490.9,1488.3,648,0
2020-09-23,02:59:00,1490.9,1492.9,1491.5,1484.2,1689,0
2020-09-23,03:59:00,1491.6,1496.5,1495.8,1490.5,1309,0
2020-09-23,04:59:00,1495.7,1497.4,1497.4,1494.5,884,0
2020-09-23,05:59:00,1497.1,1498.4,1497.4,1494.5,760,0
2020-09-23,06:59:00,1497.2,1497.8,1493.7,1492.8,1162,0
2020-09-23,07:59:00,1493.6,1494.5,1491.4,1489.4,2611,0
2020-09-23,08:59:00,1491.2,1500.2,1493,1488.9,17124,0
2020-09-23,09:59:00,1493.1,1493.3,1487.2,1480.8,17567,0
2020-09-23,10:59:00,1487.2,1492.1,1478.8,1477.8,12865,0
2020-09-23,11:59:00,1479,1484.5,1482.4,1476.9,15773,0
2020-09-23,12:59:00,1482.3,1484,1475.2,1473.3,9233,0
2020-09-23,13:59:00,1475.1,1475.1,1454.4,1452.6,22942,0
2020-09-23,14:59:00,1454.3,1457.7,1445.5,1444.9,32374,0
2020-09-23,15:59:00,1445.5,1449.5,1447.5,1444.7,18804,0
2020-09-23,16:00:00,1447.5,1447.7,1446.9,1446.9,111,0
2020-09-23,17:59:00,1447.5,1451.1,1446.9,1446,1023,0
2020-09-23,18:59:00,1446.8,1448.6,1442.3,1439,2547,0
2020-09-23,19:59:00,1442.6,1452.4,1452.3,1441.1,2536,0
2020-09-23,20:59:00,1452.3,1455.2,1449.5,1448.7,2163,0
2020-09-23,21:58:00,1449.4,1454.7,1451.1,1448.8,903,0
2020-09-23,22:59:00,1450.9,1452.5,1450.9,1449.4,302,0
2020-09-23,23:59:00,1450.7,1452.2,1442.8,1441.8,761,0
2020-09-24,00:59:00,1442.9,1449.6,1449.1,1441.6,879,0
2020-09-24,01:59:00,1448.9,1451.5,1443.8,1441.7,887,0
2020-09-24,02:59:00,1444.3,1452.3,1451.6,1442.5,1665,0
2020-09-24,03:59:00,1451.5,1452.9,1450.1,1446.4,882,0
2020-09-24,04:59:00,1450.1,1452.6,1451.6,1446.8,1297,0
2020-09-24,05:59:00,1451.6,1456.4,1454.6,1451.2,1392,0
2020-09-24,06:59:00,1454.5,1454.9,1447.2,1447,1946,0
2020-09-24,07:59:00,1447.4,1451.1,1442.6,1438.7,6584,0
2020-09-24,08:59:00,1442.5,1447.3,1437.4,1426.2,34035,0
2020-09-24,09:59:00,1437.4,1453.8,1442.4,1430.8,36454,0
2020-09-24,10:59:00,1442.3,1452,1451.5,1434.4,30216,0
2020-09-24,11:59:00,1451.4,1460.1,1459.3,1450.1,19378,0
2020-09-24,12:59:00,1459.2,1470.9,1464.2,1458.7,27416,0
2020-09-24,13:59:00,1464.5,1464.5,1447.2,1447,17256,0
2020-09-24,14:59:00,1447.2,1451.6,1447,1439.8,29426,0
2020-09-24,15:59:00,1446.9,1450.5,1450.2,1444.6,16669,0
2020-09-24,16:00:00,1450.4,1450.6,1449.8,1449.7,21,0
2020-09-24,17:59:00,1450.3,1455.3,1453.5,1450.3,820,0
2020-09-24,18:59:00,1453.4,1457.8,1457.5,1453,604,0
2020-09-24,19:59:00,1457.6,1459.4,1458.7,1455.4,563,0
2020-09-24,20:59:00,1458.7,1460.4,1458.8,1457.4,487,0
2020-09-24,21:59:00,1458.6,1460.3,1458.5,1457.5,372,0
2020-09-24,22:59:00,1458.6,1461.2,1458,1457.1,376,0
2020-09-24,23:59:00,1458.1,1461.4,1460.6,1457.8,303,0
2020-09-25,00:59:00,1460.9,1461.5,1457.4,1457.4,261,0
2020-09-25,01:59:00,1457.1,1457.5,1457,1453.2,463,0
2020-09-25,02:59:00,1457.1,1457.1,1450,1449,953,0
2020-09-25,03:59:00,1450.1,1452.1,1449.9,1446,1219,0
2020-09-25,04:59:00,1450.1,1451.7,1444.9,1441.7,1234,0
2020-09-25,05:59:00,1445,1446.4,1432.2,1431.8,2769,0
2020-09-25,06:59:00,1432.3,1440.9,1440.3,1428.9,3755,0
2020-09-25,07:59:00,1440.3,1442.8,1442.1,1436.4,3712,0
2020-09-25,08:59:00,1442,1456,1455.5,1438.8,23891,0
2020-09-25,09:59:00,1455.4,1463.8,1457.9,1449.6,29290,0
2020-09-25,10:59:00,1457.9,1460.3,1452.8,1451.2,17747,0
2020-09-25,11:59:00,1452.8,1463.1,1462.5,1451.8,9965,0
2020-09-25,12:59:00,1462.5,1466,1464.5,1461,10731,0
2020-09-25,13:59:00,1464.5,1469.1,1468.9,1463.7,8802,0
2020-09-25,14:59:00,1468.9,1474.2,1470.2,1466.5,24449,0
2020-09-25,15:59:00,1470.2,1470.5,1466.4,1466,14069,0
2020-09-25,16:00:00,1466.5,1466.5,1466.4,1466.4,14,0
2020-09-27,17:59:00,1468.5,1476.2,1475.6,1468.5,1454,0
2020-09-27,18:59:00,1475.5,1476.2,1475.1,1474.1,313,0
2020-09-27,19:59:00,1475,1476.1,1473.8,1472.9,690,0
2020-09-27,20:59:00,1473.6,1477.4,1477,1472.6,407,0
2020-09-27,21:59:00,1477.4,1477.4,1476.1,1475.8,432,0
2020-09-27,22:59:00,1476.2,1477.8,1477.5,1475.6,311,0
2020-09-27,23:59:00,1477.4,1478.5,1477.6,1476.6,328,0
2020-09-28,00:59:00,1477.7,1482.8,1482.5,1477.6,641,0
2020-09-28,01:59:00,1482.7,1484.6,1481.9,1481.1,876,0
2020-09-28,02:59:00,1481.7,1486.7,1483.8,1479.3,1149,0
2020-09-28,03:59:00,1483.8,1486.3,1481.9,1481.4,1049,0
2020-09-28,04:59:00,1481.9,1484.2,1483,1480.5,686,0
2020-09-28,05:59:00,1483,1492.2,1490,1482.7,1249,0
2020-09-28,06:59:00,1489.8,1489.9,1488.6,1486.4,1462,0
2020-09-28,07:59:00,1488.5,1490.6,1489.9,1487,2338,0
2020-09-28,08:59:00,1489.9,1499.3,1492.3,1488.2,23175,0
2020-09-28,09:59:00,1492.3,1506.4,1504.9,1490.4,30493,0
2020-09-28,10:59:00,1504.7,1509.7,1503,1502.3,15767,0
2020-09-28,11:59:00,1502.9,1509.2,1506.4,1502.7,12724,0
2020-09-28,12:59:00,1506.4,1506.5,1503,1501.9,10491,0
2020-09-28,13:59:00,1503,1509.6,1509.5,1501.7,10006,0
2020-09-28,14:59:00,1509.3,1510.9,1505.9,1504.1,19268,0
2020-09-28,15:59:00,1505.9,1509.9,1507.3,1503.6,15073,0
2020-09-28,16:00:00,1507.4,1507.7,1507,1506.8,110,0
2020-09-28,17:59:00,1507.1,1510.3,1509.4,1506.8,547,0
2020-09-28,18:59:00,1509.7,1511,1510.3,1509.2,479,0
2020-09-28,19:59:00,1510.2,1511.7,1511,1508.7,578,0
2020-09-28,20:59:00,1510.9,1511.7,1509.3,1508.2,499,0
2020-09-28,21:59:00,1509.3,1510.8,1509.5,1508.7,427,0
2020-09-28,22:59:00,1509.6,1510.7,1510.4,1508.7,218,0
2020-09-28,23:59:00,1510.5,1512.6,1512.5,1509.9,356,0
2020-09-29,00:59:00,1512.5,1513.9,1509.9,1507.6,533,0
2020-09-29,01:59:00,1510,1510.7,1506.3,1505.2,718,0
2020-09-29,02:59:00,1506.1,1506.4,1500.2,1498,1617,0
2020-09-29,03:59:00,1500.1,1504.4,1500.8,1497.6,2585,0
2020-09-29,04:59:00,1501,1504.6,1503.4,1499.3,709,0
2020-09-29,05:59:00,1503.5,1506.2,1504.3,1502.5,945,0
2020-09-29,06:59:00,1503.7,1507.5,1504.2,1502,1061,0
2020-09-29,07:59:00,1504.3,1506.7,1506.3,1502.3,2080,0
2020-09-29,08:59:00,1506.3,1506.8,1503.6,1498,18671,0
2020-09-29,09:59:00,1503.5,1509.5,1491.5,1489.9,30897,0
2020-09-29,10:59:00,1491.6,1498.1,1490.2,1486.4,14368,0
2020-09-29,11:59:00,1490.2,1499.7,1495.5,1486.2,13261,0
2020-09-29,12:59:00,1495.6,1500,1498.2,1490,9649,0
2020-09-29,13:59:00,1498.2,1507,1503.7,1497,10161,0
2020-09-29,14:59:00,1503.6,1506.4,1500.3,1499,14810,0
2020-09-29,15:59:00,1500.4,1508.4,1504.8,1499.5,12107,0
2020-09-29,16:00:00,1504.8,1505.1,1504.4,1504.4,38,0
2020-09-29,17:59:00,1504.2,1508.3,1506.8,1503.1,716,0
2020-09-29,18:59:00,1506.8,1508.7,1508.4,1506.6,444,0
2020-09-29,19:59:00,1508.1,1510.5,1507.6,1507.3,1393,0
2020-09-29,20:59:00,1507.6,1513.2,1512.4,1506.8,956,0
2020-09-29,21:59:00,1512.5,1520,1506.7,1504.1,2781,0
2020-09-29,22:59:00,1506.5,1506.7,1497.9,1496.4,1876,0
2020-09-29,23:59:00,1497.5,1498.6,1496.1,1491,975,0
2020-09-30,00:59:00,1496.3,1498.5,1489.6,1489.3,918,0
2020-09-30,01:59:00,1489.6,1492.5,1492.1,1485.8,1194,0
2020-09-30,02:59:00,1492.7,1499.7,1492.8,1491.3,1431,0
2020-09-30,03:59:00,1492.4,1495.2,1494.6,1491.4,918,0
2020-09-30,04:59:00,1494.7,1495.6,1493.3,1488.3,1065,0
2020-09-30,05:59:00,1493.2,1504,1499.8,1488.8,2220,0
2020-09-30,06:59:00,1499.8,1500.6,1497.6,1496.5,1011,0
2020-09-30,07:59:00,1497.5,1508.2,1505.2,1495.5,3350,0
2020-09-30,08:59:00,1505.4,1518.8,1515.6,1503.5,19309,0
2020-09-30,09:59:00,1515.7,1526.9,1519.7,1514.3,28432,0
2020-09-30,10:59:00,1519.7,1521.4,1518.7,1516.2,14780,0
2020-09-30,11:59:00,1518.8,1524.4,1521.5,1517.5,10379,0
2020-09-30,12:59:00,1521.4,1521.6,1516.8,1515.5,9242,0
2020-09-30,13:59:00,1516.8,1521.9,1505.2,1496.3,33449,0
2020-09-30,14:59:00,1505.2,1506.9,1504.9,1491.4,36754,0
2020-09-30,15:59:00,1505,1506.5,1496.9,1495.2,30752,0
2020-09-30,16:00:00,1496.9,1497.1,1497.1,1496.8,26,0
2020-09-30,17:59:00,1499.3,1507.6,1507.5,1499.3,1792,0
2020-09-30,18:59:00,1507.5,1509.3,1508.7,1507,721,0
2020-09-30,19:59:00,1508.7,1511.1,1508.2,1505.9,849,0
2020-09-30,20:59:00,1508,1517.1,1514.7,1507.5,1554,0
2020-09-30,21:59:00,1514.6,1516.1,1514,1513.1,404,0
2020-09-30,22:58:00,1513.9,1515.3,1512,1511.7,482,0
2020-09-30,23:59:00,1512.6,1514.7,1513,1511.8,406,0
2020-10-01,00:59:00,1512.9,1514.6,1513.9,1511.6,322,0
2020-10-01,01:59:00,1513.8,1520.8,1520.6,1513.8,894,0
2020-10-01,02:59:00,1520.3,1521.9,1517.5,1516.3,1375,0
2020-10-01,03:59:00,1517.7,1519.3,1512.5,1511,787,0
2020-10-01,04:59:00,1512.2,1519,1517.6,1511.9,1134,0
2020-10-01,05:59:00,1517.4,1518.8,1514.8,1512,1603,0
2020-10-01,06:59:00,1514.7,1520.4,1519.1,1513.7,2274,0
2020-10-01,07:59:00,1519,1519.9,1515.8,1515.2,4529,0
2020-10-01,08:59:00,1515.7,1521.7,1510,1509.8,23928,0
2020-10-01,09:59:00,1510.1,1514.6,1510.2,1501.7,29939,0
2020-10-01,10:59:00,1510,1514.4,1512.4,1507.3,19718,0
2020-10-01,11:59:00,1512.5,1518.5,1516,1508.5,10180,0
2020-10-01,12:59:00,1516,1522,1521.1,1515.8,12553,0
2020-10-01,13:59:00,1521.1,1523.1,1521.6,1508.7,25853,0
2020-10-01,14:59:00,1521.6,1527,1526.9,1518.7,20936,0
2020-10-01,15:59:00,1526.9,1530.3,1527,1525.8,19167,0
2020-10-01,16:00:00,1527.1,1527.3,1527.3,1526.7,34,0
2020-10-01,17:59:00,1526.3,1530.8,1529,1523.7,1804,0
2020-10-01,18:59:00,1529.2,1529.3,1526.5,1525.8,438,0
2020-10-01,19:59:00,1526.3,1529.7,1521.5,1519.2,1220,0
2020-10-01,20:58:00,1521,1523.6,1521.6,1520.6,444,0
2020-10-01,21:59:00,1522,1522.4,1518.7,1517.3,659,0
2020-10-01,22:58:00,1518.8,1523.4,1522.5,1518.4,366,0
2020-10-01,23:59:00,1522.6,1524.3,1512.9,1511.9,1578,0
2020-10-02,00:59:00,1513,1513.1,1494.3,1490.7,5964,0
2020-10-02,01:59:00,1494.6,1504.8,1503.4,1494,2330,0
2020-10-02,02:59:00,1503.7,1511.7,1504.3,1500.8,2956,0
2020-10-02,03:59:00,1505.2,1508.5,1506.9,1503.4,1591,0
2020-10-02,04:59:00,1507,1510.9,1499.4,1497.8,2299,0
2020-10-02,05:59:00,1499.4,1502.8,1502.4,1493.5,3179,0
2020-10-02,06:59:00,1502.4,1504.2,1500.1,1496.9,3013,0
2020-10-02,07:59:00,1500.1,1508.5,1500.1,1495.8,3724,0
2020-10-02,08:59:00,1499.9,1515.8,1513.3,1495.3,23822,0
2020-10-02,09:59:00,1513.3,1525.6,1520.5,1512.2,24438,0
2020-10-02,10:59:00,1520.4,1530.9,1519.5,1517.6,26057,0
2020-10-02,11:59:00,1519.6,1542.4,1538.8,1516.1,35509,0
2020-10-02,12:59:00,1538.9,1540.4,1529,1525.8,15028,0
2020-10-02,13:59:00,1529.1,1538.9,1535.7,1528,14093,0
2020-10-02,14:59:00,1535.8,1541.8,1536,1532.6,21389,0
2020-10-02,15:59:00,1536.1,1540.8,1539.8,1532,14319,0
2020-10-02,16:00:00,1539.9,1540.7,1539.6,1539.5,82,0
2020-10-04,17:59:00,1545,1547.7,1540.5,1536.9,3638,0
2020-10-04,18:59:00,1540.6,1544.1,1543.3,1539.1,699,0
2020-10-04,19:59:00,1543.3,1547.1,1546.7,1541.7,1014,0
2020-10-04,20:59:00,1546.7,1547.5,1543.6,1543.2,924,0
2020-10-04,21:59:00,1543.8,1546.1,1545.8,1543.8,511,0
2020-10-04,22:59:00,1545.6,1548.6,1543,1543,913,0
2020-10-04,23:59:00,1543,1545.2,1544.8,1542.1,694,0
2020-10-05,00:59:00,1545,1546.9,1545.4,1544.6,410,0
2020-10-05,01:59:00,1545.4,1546.5,1544.6,1542.2,1072,0
2020-10-05,02:59:00,1544.5,1545.7,1542.7,1539.5,3761,0
2020-10-05,03:59:00,1542.7,1545.6,1544,1541.6,706,0
2020-10-05,04:59:00,1543.8,1545.4,1544.7,1542,1366,0
2020-10-05,05:59:00,1544.7,1546.7,1546.4,1541.4,1791,0
2020-10-05,06:59:00,1546.5,1552.8,1551.6,1546.5,2645,0
2020-10-05,07:59:00,1551.4,1555.7,1552.6,1549,3590,0
2020-10-05,08:59:00,1552.5,1565,1559.6,1551.1,19112,0
2020-10-05,09:59:00,1559.7,1567.5,1565.7,1558.7,22616,0
2020-10-05,10:59:00,1565.8,1569.7,1567,1563.9,15890,0
2020-10-05,11:59:00,1567.1,1570.6,1569.9,1566,6187,0
2020-10-05,12:59:00,1569.9,1570.9,1567.2,1567.1,9613,0
2020-10-05,13:59:00,1567.2,1574.4,1574.3,1565.3,9243,0
2020-10-05,14:59:00,1574.2,1579.9,1578.1,1573.4,20544,0
2020-10-05,15:59:00,1578.2,1578.9,1576,1575,14670,0
2020-10-05,16:00:00,1575.9,1576,1575.3,1575.3,52,0
2020-10-05,17:59:00,1576,1577.2,1576.6,1575,492,0
2020-10-05,18:59:00,1576.6,1578.1,1575.7,1573.5,1626,0
2020-10-05,19:59:00,1575.9,1577.6,1576,1573,1138,0
2020-10-05,20:59:00,1575.9,1581.2,1579.3,1575.5,1091,0
2020-10-05,21:59:00,1579.3,1580.1,1578.9,1578.2,349,0
2020-10-05,22:59:00,1579,1581.1,1579.2,1578.3,506,0
2020-10-05,23:58:00,1579,1580.7,1579.4,1578.9,348,0
2020-10-06,00:59:00,1579.3,1579.4,1578.6,1577.2,418,0
2020-10-06,01:59:00,1578.5,1578.8,1578.2,1576.2,630,0
2020-10-06,02:59:00,1578.3,1579.8,1573.9,1572.6,1927,0
2020-10-06,03:59:00,1574,1574.2,1572.8,1570.6,1794,0
2020-10-06,04:59:00,1572.7,1575.5,1574.6,1571.9,1928,0
2020-10-06,05:59:00,1574.5,1578.5,1577.8,1572.4,2123,0
2020-10-06,06:59:00,1577.8,1587.5,1587.2,1577.3,3775,0
2020-10-06,07:59:00,1587.1,1592.1,1589.8,1584.9,5106,0
2020-10-06,08:59:00,1589.8,1595.7,1583,1582.8,23221,0
2020-10-06,09:59:00,1583,1597.4,1595,1582.7,24564,0
2020-10-06,10:59:00,1595.1,1600.4,1593.8,1593.7,24123,0
2020-10-06,11:59:00,1593.9,1604.7,1603.8,1593,17107,0
2020-10-06,12:59:00,1603.8,1610.4,1609.1,1603.8,17558,0
2020-10-06,13:59:00,1609.2,1617.7,1590.1,1578.9,49013,0
2020-10-06,14:59:00,1590.1,1590.3,1573.5,1570.7,72922,0
2020-10-06,15:59:00,1573.5,1575,1563.9,1563.3,25436,0
2020-10-06,16:00:00,1563.8,1565,1564.5,1563.1,104,0
2020-10-06,17:59:00,1568.2,1571.9,1566.8,1564.1,1227,0
2020-10-06,18:59:00,1566.8,1572.9,1571.7,1566.4,1251,0
2020-10-06,19:59:00,1571.7,1573.8,1573,1570.9,1024,0
2020-10-06,20:59:00,1573,1577.2,1576.4,1570.1,850,0
2020-10-06,21:59:00,1576.5,1581.3,1576.5,1573.5,1945,0
2020-10-06,22:59:00,1576.6,1579.4,1578.1,1574.5,767,0
2020-10-06,23:59:00,1578.1,1579.2,1578.9,1577.3,259,0
2020-10-07,00:59:00,1579,1585.9,1583.4,1578.3,1481,0
2020-10-07,01:59:00,1583.2,1586.6,1585.3,1582.6,1322,0
2020-10-07,02:59:00,1585.3,1590.8,1588.3,1584.4,3268,0
2020-10-07,03:59:00,1588.5,1588.7,1587.7,1584.7,1872,0
2020-10-07,04:59:00,1588,1588,1584.7,1583.9,1188,0
2020-10-07,05:59:00,1584.7,1590,1589.7,1583.3,2019,0
2020-10-07,06:59:00,1589.7,1593.4,1593.4,1586.9,2782,0
2020-10-07,07:59:00,1593.2,1596.9,1593.3,1591,5063,0
2020-10-07,08:59:00,1593.1,1604.9,1601.4,1591.4,24904,0
2020-10-07,09:59:00,1601.4,1607.7,1603.2,1597.5,28893,0
2020-10-07,10:59:00,1602.9,1605.4,1602.8,1599.5,17020,0
2020-10-07,11:59:00,1602.8,1604.8,1600.8,1598.2,14309,0
2020-10-07,12:59:00,1600.8,1606,1602.7,1598.6,14938,0
2020-10-07,13:59:00,1602.7,1607.3,1606.2,1601.1,17839,0
2020-10-07,14:59:00,1606.2,1613.4,1608.9,1605.6,24247,0
2020-10-07,15:59:00,1608.9,1611.6,1610.7,1606.1,14470,0
2020-10-07,16:00:00,1610.6,1610.9,1610.8,1610.2,59,0
2020-10-07,17:59:00,1610.3,1613.1,1612.5,1609.6,770,0
2020-10-07,18:59:00,1612.7,1614.3,1613.7,1611.3,764,0
2020-10-07,19:59:00,1613.9,1614,1611.1,1609.9,940,0
2020-10-07,20:59:00,1611.2,1618.2,1616.4,1610.8,1376,0
2020-10-07,21:59:00,1616.5,1617.8,1616.4,1614.5,936,0
2020-10-07,22:59:00,1616.5,1617.4,1616.5,1616,319,0
2020-10-07,23:59:00,1616.3,1616.9,1616.8,1615.2,286,0
2020-10-08,00:59:00,1616.9,1617.8,1617.3,1615.7,386,0
2020-10-08,01:59:00,1617.2,1624.6,1623.5,1617.2,1911,0
2020-10-08,02:59:00,1623.6,1624.4,1619.3,1618.7,1871,0
2020-10-08,03:59:00,1619.4,1620.2,1617.2,1612.7,1537,0
2020-10-08,04:59:00,1617.2,1617.3,1615.5,1613.8,923,0
2020-10-08,05:59:00,1615.3,1624.2,1618.6,1615,1913,0
2020-10-08,06:59:00,1618.6,1620,1619.4,1616.6,2264,0
2020-10-08,07:59:00,1619.4,1625.9,1624.4,1618.8,6841,0
2020-10-08,08:59:00,1624.5,1627.6,1624.1,1619.2,20460,0
2020-10-08,09:59:00,1624,1630.5,1625.6,1617.1,24082,0
2020-10-08,10:59:00,1625.6,1626.6,1616.2,1613.3,24912,0
2020-10-08,11:59:00,1616.2,1622.1,1617.4,1614.7,12123,0
2020-10-08,12:59:00,1617.3,1621.1,1620.1,1615.5,11031,0
2020-10-08,13:59:00,1620.1,1626.7,1624.7,1618.3,14120,0
2020-10-08,14:59:00,1624.6,1627.8,1624.2,1621.5,16942,0
2020-10-08,15:59:00,1624.2,1633.7,1632.5,1623.9,11728,0
2020-10-08,16:00:00,1632.6,1632.9,1632.6,1632.4,151,0
2020-10-08,17:59:00,1632.5,1639.7,1638.9,1632.5,2880,0
2020-10-08,18:59:00,1638.8,1639.3,1638.1,1636.3,1190,0
2020-10-08,19:59:00,1638.4,1639.1,1635.8,1635,1579,0
2020-10-08,20:59:00,1636.2,1638.1,1637.5,1635.5,397,0
2020-10-08,21:58:00,1637.5,1639.6,1639.2,1637.4,297,0
2020-10-08,22:59:00,1639.3,1641.2,1639.1,1639.1,400,0
2020-10-08,23:59:00,1639,1639.1,1638.2,1637.8,185,0
2020-10-09,00:59:00,1638.5,1638.5,1635.9,1635.5,485,0
2020-10-09,01:59:00,1635.8,1636.2,1634.2,1633.1,882,0
2020-10-09,02:59:00,1634.2,1638.5,1636.5,1634.2,1415,0
2020-10-09,03:59:00,1636.4,1638.9,1637.2,1636.2,1717,0
2020-10-09,04:59:00,1637.2,1638.8,1638.3,1636.5,1311,0
2020-10-09,05:59:00,1638.4,1642.1,1638.1,1637.1,2797,0
2020-10-09,06:59:00,1638,1641.5,1640,1637.2,1095,0
2020-10-09,07:59:00,1640.2,1643.8,1641.7,1639.2,3014,0
2020-10-09,08:59:00,1641.8,1644.6,1637.7,1635.8,20405,0
2020-10-09,09:59:00,1637.8,1638.8,1628.4,1625.7,28067,0
2020-10-09,10:59:00,1628.4,1638.4,1636.4,1626.6,28413,0
2020-10-09,11:59:00,1636.4,1642.1,1640,1632.9,27040,0
2020-10-09,12:59:00,1639.9,1640.7,1636.2,1634.6,9593,0
2020-10-09,13:59:00,1636.3,1636.4,1634.4,1632.8,11637,0
2020-10-09,14:59:00,1634.4,1637.3,1634.2,1633.4,17753,0
2020-10-09,15:59:00,1634.2,1641.7,1641,1634.1,13717,0
2020-10-09,16:00:00,1641.2,1642,1640.3,1640.1,64,0
2020-10-11,17:59:00,1636.3,1637.1,1634.9,1632.5,1438,0
2020-10-11,18:59:00,1634.8,1635.7,1633.5,1631.8,1116,0
2020-10-11,19:59:00,1633.5,1634.6,1632.9,1630.6,1107,0
2020-10-11,20:59:00,1633.2,1637.8,1637.4,1631.9,1125,0
2020-10-11,21:59:00,1637.5,1637.5,1636.2,1634.8,381,0
2020-10-11,22:59:00,1636.1,1637.9,1636.8,1635.4,231,0
2020-10-11,23:59:00,1636.7,1638.4,1638.1,1636.7,240,0
2020-10-12,00:58:00,1638.2,1643,1642.2,1637.8,975,0
2020-10-12,01:59:00,1642.2,1643.1,1639.3,1638.8,613,0
2020-10-12,02:59:00,1639.3,1640.4,1638.5,1637.1,1413,0
2020-10-12,03:59:00,1638.5,1642.1,1633.3,1633.3,3154,0
2020-10-12,04:59:00,1633.4,1636.3,1633.6,1632.8,2080,0
2020-10-12,05:59:00,1633.5,1637.1,1636.8,1633.1,1969,0
2020-10-12,06:59:00,1636.9,1638.1,1636.9,1635.4,1669,0
2020-10-12,07:59:00,1636.8,1643.2,1641.2,1636.7,3590,0
2020-10-12,08:59:00,1641.2,1642.4,1639,1633.9,18373,0
2020-10-12,09:59:00,1639,1646.9,1642.1,1638.7,19605,0
2020-10-12,10:59:00,1642.2,1649.1,1644.1,1641.1,17140,0
2020-10-12,11:59:00,1644.1,1645.4,1641.1,1641,12505,0
2020-10-12,12:59:00,1641.2,1643,1641,1638.2,13682,0
2020-10-12,13:59:00,1641,1644.9,1643.6,1636.9,15809,0
2020-10-12,14:59:00,1643.7,1650.5,1646.1,1643.7,23362,0
2020-10-12,15:59:00,1646.1,1651.7,1649.5,1645.2,13483,0
2020-10-12,16:00:00,1649.5,1649.7,1649.7,1649.2,45,0
2020-10-12,17:59:00,1649.5,1650.5,1647.4,1646.8,846,0
2020-10-12,18:59:00,1647.3,1648.8,1648,1646.6,486,0
2020-10-12,19:59:00,1647.9,1648.2,1642.7,1640.2,2715,0
2020-10-12,20:59:00,1642.8,1643.3,1640.7,1639,1059,0
2020-10-12,21:59:00,1640.7,1642,1641.8,1638.5,624,0
2020-10-12,22:59:00,1641.7,1642.9,1641.9,1640.9,362,0
2020-10-12,23:59:00,1641.7,1642.2,1641.8,1640.7,189,0
2020-10-13,00:59:00,1641.9,1646.8,1645.1,1641.9,741,0
2020-10-13,01:59:00,1645.2,1646.4,1640,1639.7,2621,0
2020-10-13,02:59:00,1640.1,1640.3,1633.6,1633.1,4222,0
2020-10-13,03:59:00,1633.7,1637.2,1635.6,1633.2,2998,0
2020-10-13,04:59:00,1635.8,1636.7,1634.7,1633.6,2021,0
2020-10-13,05:59:00,1634.7,1634.7,1631.5,1630.1,3595,0
2020-10-13,06:59:00,1631.6,1639.1,1636.4,1631.6,3090,0
2020-10-13,07:59:00,1636.5,1638,1634.3,1632.1,5606,0
2020-10-13,08:59:00,1634.3,1636.8,1629.4,1622.6,25460,0
2020-10-13,09:59:00,1629.5,1634.2,1629.6,1624.3,22723,0
2020-10-13,10:59:00,1629.7,1633.2,1631.5,1627.7,15037,0
2020-10-13,11:59:00,1631.4,1638.5,1638.4,1628.6,11730,0
2020-10-13,12:59:00,1638.4,1639.8,1634.5,1634.2,13416,0
2020-10-13,13:59:00,1634.5,1637.2,1632.6,1628.9,17186,0
2020-10-13,14:59:00,1632.6,1638.9,1635.8,1631.4,20289,0
2020-10-13,15:59:00,1635.8,1636.2,1633.1,1632.2,11712,0
2020-10-13,16:00:00,1633.1,1633.4,1633.4,1633.1,29,0
2020-10-13,17:59:00,1633.2,1636.5,1635.4,1632.4,570,0
2020-10-13,18:59:00,1635.5,1636.8,1635.6,1634.8,501,0
2020-10-13,19:59:00,1635.5,1637.8,1635.6,1634.1,947,0
2020-10-13,20:59:00,1635.4,1635.6,1634.7,1630.1,1096,0
2020-10-13,21:59:00,1634.5,1637.1,1635.9,1633.8,554,0
2020-10-13,22:59:00,1635.8,1639.3,1638,1635.8,505,0
2020-10-13,23:59:00,1638.1,1640.2,1637.7,1636.5,602,0
2020-10-14,00:59:00,1637.4,1637.8,1635.9,1635.6,471,0
2020-10-14,01:59:00,1636,1638.8,1638.3,1634.1,820,0
2020-10-14,02:59:00,1638.1,1638.6,1638.3,1634.2,1116,0
2020-10-14,03:59:00,1638.4,1644.4,1642.3,1638.4,1455,0
2020-10-14,04:59:00,1642.3,1643.6,1639.4,1638.4,1412,0
2020-10-14,05:59:00,1639.4,1639.8,1629.1,1626.7,3313,0
2020-10-14,06:59:00,1628.8,1632.4,1631,1627.8,2988,0
2020-10-14,07:59:00,1630.9,1637.3,1637.1,1629.8,2614,0
2020-10-14,08:59:00,1637.3,1647.1,1644,1634.9,16380,0
2020-10-14,09:59:00,1644.1,1645,1635,1632.1,20454,0
2020-10-14,10:59:00,1635.2,1638.9,1628.7,1627.6,15509,0
2020-10-14,11:59:00,1628.7,1634.2,1628.1,1623,19654,0
2020-10-14,12:59:00,1627.9,1632.4,1624.7,1624.2,17031,0
2020-10-14,13:59:00,1624.7,1626.9,1621.9,1617.6,16782,0
2020-10-14,14:59:00,1621.8,1627.4,1621,1620.6,19882,0
2020-10-14,15:59:00,1621,1621.6,1621.3,1616.3,16727,0
2020-10-14,16:00:00,1621.5,1621.9,1621.4,1621.2,106,0
2020-10-14,17:59:00,1620.6,1624.5,1623.1,1618.9,1202,0
2020-10-14,18:58:00,1623.5,1624.9,1623.6,1622.7,774,0
2020-10-14,19:59:00,1623.9,1624.8,1621.6,1621.1,952,0
2020-10-14,20:59:00,1621.7,1624.3,1619.5,1617.5,1460,0
2020-10-14,21:59:00,1619.5,1620.7,1616.7,1616.4,691,0
2020-10-14,22:59:00,1616.7,1617.8,1616.4,1615.8,614,0
2020-10-14,23:59:00,1616.5,1619.9,1618.7,1615.3,580,0
2020-10-15,00:59:00,1618.7,1621.1,1618.7,1618.3,431,0
2020-10-15,01:59:00,1618.3,1618.6,1613.8,1613.3,1303,0
2020-10-15,02:59:00,1613.8,1615.5,1610.8,1608.5,3626,0
2020-10-15,03:59:00,1610.9,1611.7,1600.8,1600.3,3048,0
2020-10-15,04:59:00,1601,1602.8,1602,1597.3,2730,0
2020-10-15,05:59:00,1602.1,1604.4,1603.4,1600,2170,0
2020-10-15,06:59:00,1603.7,1607,1603.9,1601.5,2714,0
2020-10-15,07:59:00,1604.1,1604.5,1599.6,1598.2,4950,0
2020-10-15,08:59:00,1599.7,1607.4,1603.8,1595.5,22791,0
2020-10-15,09:59:00,1603.9,1609.8,1609.4,1601.9,18689,0
2020-10-15,10:59:00,1609.3,1626.8,1622.7,1608.3,25673,0
2020-10-15,11:59:00,1622.7,1625.6,1625.2,1617.4,21176,0
2020-10-15,12:59:00,1625.1,1633.2,1631,1623.8,16982,0
2020-10-15,13:59:00,1630.9,1635,1634.8,1630.6,13877,0
2020-10-15,14:59:00,1634.8,1639.9,1635.4,1633.5,21382,0
2020-10-15,15:59:00,1635.3,1638.6,1638.2,1634.6,10974,0
2020-10-15,16:00:00,1638.1,1638.2,1637.7,1637.4,31,0
2020-10-15,17:59:00,1638,1639.3,1638.1,1637.3,734,0
2020-10-15,18:59:00,1638.1,1643.5,1641.3,1637.6,1700,0
2020-10-15,19:59:00,1641.2,1645.5,1643.7,1639.4,1264,0
2020-10-15,20:59:00,1643.8,1648.4,1645.1,1643.7,1385,0
2020-10-15,21:59:00,1645.3,1645.6,1644.4,1644.3,401,0
2020-10-15,22:59:00,1644.6,1644.8,1641.6,1639.2,967,0
2020-10-15,23:59:00,1641.5,1641.7,1638.8,1637.6,637,0
2020-10-16,00:59:00,1638.7,1642,1641.4,1638.7,675,0
2020-10-16,01:59:00,1641.4,1641.4,1640.9,1638.3,714,0
2020-10-16,02:59:00,1641,1643.4,1639.5,1636.9,2668,0
2020-10-16,03:59:00,1639.7,1640.3,1638.2,1635.8,1148,0
2020-10-16,04:59:00,1638.1,1639.6,1637.6,1634.3,1027,0
2020-10-16,05:59:00,1637.6,1641.8,1640.7,1636.6,1445,0
2020-10-16,06:59:00,1640.9,1642,1639.5,1638.7,1194,0
2020-10-16,07:59:00,1639.6,1643,1641.6,1637.2,3813,0
2020-10-16,08:59:00,1641.6,1642.4,1635.2,1631.4,17833,0
2020-10-16,09:59:00,1635.1,1643.3,1640.6,1632.6,22226,0
2020-10-16,10:59:00,1640.5,1644.7,1644.6,1635.9,13324,0
2020-10-16,11:59:00,1644.5,1644.9,1638.6,1633.7,12758,0
2020-10-16,12:59:00,1638.7,1643.1,1641.5,1637.7,7318,0
2020-10-16,13:59:00,1641.7,1643,1642,1638.8,7565,0
2020-10-16,14:59:00,1642,1642,1632.9,1631.7,16765,0
2020-10-16,15:59:00,1632.9,1633.1,1627.9,1626.8,13519,0
2020-10-16,16:00:00,1628,1628.5,1627.9,1627.8,349,0
2020-10-18,17:59:00,1630.6,1635.9,1634.7,1630.6,1081,0
2020-10-18,18:59:00,1634.7,1635.8,1634.3,1634.2,315,0
2020-10-18,19:59:00,1634.3,1636.8,1636.8,1634.3,248,0
2020-10-18,20:59:00,1636.9,1639.1,1638.1,1636.4,392,0
2020-10-18,21:56:00,1638,1639,1636.9,1634.5,673,0
2020-10-18,22:59:00,1637.3,1638.5,1637.7,1635.1,279,0
2020-10-18,23:57:00,1637.7,1638.9,1637.6,1637.1,303,0
2020-10-19,00:59:00,1637.7,1639.7,1638.3,1637.3,315,0
2020-10-19,01:59:00,1638.4,1638.5,1638.2,1636.8,452,0
2020-10-19,02:59:00,1638.2,1643.4,1639.6,1637.9,1066,0
2020-10-19,03:59:00,1639.4,1640.7,1639.7,1637.6,916,0
2020-10-19,04:59:00,1639.7,1641.6,1639,1637.8,941,0
2020-10-19,05:59:00,1639.5,1639.5,1639.1,1635.5,1121,0
2020-10-19,06:59:00,1639.2,1640.5,1636.9,1636.8,838,0
2020-10-19,07:59:00,1636.8,1638.7,1637.4,1635.6,1755,0
2020-10-19,08:59:00,1637.2,1648.4,1644.5,1633.2,15260,0
2020-10-19,09:59:00,1644.5,1645.1,1641,1633.8,18324,0
2020-10-19,10:59:00,1640.9,1643.9,1637.6,1635.1,10485,0
2020-10-19,11:59:00,1637.5,1638.1,1634.2,1632.5,9490,0
2020-10-19,12:59:00,1634.2,1635.9,1628.3,1627.6,11054,0
2020-10-19,13:59:00,1628.2,1629.6,1616.9,1615.9,13240,0
2020-10-19,14:59:00,1617,1618,1610.6,1607.6,33389,0
2020-10-19,15:59:00,1610.6,1618.6,1618.3,1610.3,13114,0
2020-10-19,16:00:00,1618.2,1618.6,1618.3,1618.1,43,0
2020-10-19,17:59:00,1619.4,1622.3,1621.5,1618.3,519,0
2020-10-19,18:59:00,1621.2,1621.8,1621.6,1620.3,203,0
2020-10-19,19:59:00,1621.4,1623.9,1622.7,1621.2,472,0
2020-10-19,20:59:00,1622.5,1623.5,1615.9,1614.9,1192,0
2020-10-19,21:59:00,1616.1,1618.6,1616.8,1614.3,361,0
2020-10-19,22:59:00,1616.5,1620.5,1618.7,1616.1,334,0
2020-10-19,23:59:00,1618.8,1619.1,1616.2,1615.9,310,0
2020-10-20,00:59:00,1616.4,1620.4,1619.6,1614.8,533,0
2020-10-20,01:59:00,1619.5,1621.1,1619,1617.1,833,0
2020-10-20,02:59:00,1618.9,1622.2,1622.1,1616.9,1292,0
2020-10-20,03:59:00,1621.8,1623.6,1622.3,1621.1,730,0
2020-10-20,04:59:00,1622.1,1625,1624.3,1622,588,0
2020-10-20,05:59:00,1624.4,1628.3,1627.6,1623.4,1103,0
2020-10-20,06:59:00,1627.6,1628.5,1625.5,1625,1871,0
2020-10-20,07:59:00,1625.6,1626.6,1622.1,1617.7,3888,0
2020-10-20,08:59:00,1621.8,1630.9,1630.6,1620.5,18479,0
2020-10-20,09:59:00,1630.7,1632.3,1623.6,1619.7,16497,0
2020-10-20,10:59:00,1623.7,1628.3,1625.8,1616.8,13197,0
2020-10-20,11:59:00,1625.9,1631.5,1628.4,1620.8,14204,0
2020-10-20,12:59:00,1628.4,1632.3,1625.4,1623.9,11124,0
2020-10-20,13:59:00,1625.3,1628.5,1621.2,1621,10323,0
2020-10-20,14:59:00,1621.1,1622.4,1615.8,1610.9,26960,0
2020-10-20,15:59:00,1615.8,1616.8,1612.7,1604.7,15359,0
2020-10-20,16:00:00,1612.1,1612.5,1612.3,1612.1,12,0
2020-10-20,17:59:00,1615.3,1619.2,1617.3,1614.1,924,0
2020-10-20,18:59:00,1617.2,1623.7,1619.4,1617.2,1421,0
2020-10-20,19:58:00,1619.5,1623,1620.7,1619.2,486,0
2020-10-20,20:59:00,1620.4,1621.4,1619.3,1618.4,316,0
2020-10-20,21:59:00,1619.5,1626,1625,1619.5,1153,0
2020-10-20,22:59:00,1625.1,1628.6,1626.6,1624.8,919,0
2020-10-20,23:59:00,1626.5,1627.9,1627.1,1625.6,424,0
2020-10-21,00:59:00,1627,1627.8,1624.9,1623.1,514,0
2020-10-21,01:59:00,1624.9,1627.6,1626,1623.7,610,0
2020-10-21,02:59:00,1625.8,1625.8,1619.2,1616.5,1850,0
2020-10-21,03:59:00,1619.1,1619.9,1610.6,1610.6,2282,0
2020-10-21,04:59:00,1610.6,1618,1616.6,1608.7,1483,0
2020-10-21,05:59:00,1616.6,1617.7,1615.2,1614.2,1416,0
2020-10-21,06:59:00,1615.1,1615.1,1613.3,1609.6,1476,0
2020-10-21,07:59:00,1613.1,1616.9,1614.5,1612.2,2566,0
2020-10-21,08:59:00,1614.5,1621.2,1617.6,1613.9,19939,0
2020-10-21,09:59:00,1617.7,1621.5,1611.1,1610,15588,0
2020-10-21,10:59:00,1611,1611.1,1604,1602.9,21470,0
2020-10-21,11:59:00,1604,1615.6,1605,1602.6,22739,0
2020-10-21,12:59:00,1605,1609.9,1606.8,1603.6,8947,0
2020-10-21,13:59:00,1606.6,1612.5,1612.1,1605.8,10637,0
2020-10-21,14:59:00,1612.1,1612.6,1602.1,1600.4,18136,0
2020-10-21,15:59:00,1602,1606.9,1604.6,1600.2,13835,0
2020-10-21,16:00:00,1604.7,1604.7,1603.9,1603.9,36,0
2020-10-21,17:59:00,1603,1605.1,1602.7,1602,1230,0
2020-10-21,18:59:00,1602.9,1604.3,1594.4,1587.7,3621,0
2020-10-21,19:59:00,1594.6,1596.4,1596,1589.2,1348,0
2020-10-21,20:59:00,1596.2,1597,1594.3,1592.4,490,0
2020-10-21,21:59:00,1594.3,1594.8,1592.8,1590.4,295,0
2020-10-21,22:59:00,1593,1593.8,1590.7,1590.5,166,0
2020-10-21,23:59:00,1590.4,1592.3,1591.4,1590.3,224,0
2020-10-22,00:58:00,1591.4,1597,1594.5,1591,526,0
2020-10-22,01:59:00,1594.1,1597.6,1594.5,1594,501,0
2020-10-22,02:59:00,1594.6,1597,1597,1590,1118,0
2020-10-22,03:59:00,1596.4,1603.2,1602.1,1596,1524,0
2020-10-22,04:59:00,1602.1,1604.2,1603.2,1600.7,1237,0
2020-10-22,05:59:00,1603.2,1607,1606.5,1600.4,2870,0
2020-10-22,06:59:00,1606.4,1609.5,1607.5,1605.3,2220,0
2020-10-22,07:59:00,1607.8,1610.4,1606.5,1604.7,5002,0
2020-10-22,08:59:00,1606.5,1617.3,1615.6,1606,17668,0
2020-10-22,09:59:00,1615.4,1615.5,1610.6,1599.2,29679,0
2020-10-22,10:59:00,1610.6,1619.4,1613.7,1610,20530,0
2020-10-22,11:59:00,1613.6,1619.3,1618.6,1610.7,7348,0
2020-10-22,12:59:00,1618.5,1624.6,1622.9,1618.1,9367,0
2020-10-22,13:59:00,1622.9,1626.9,1624.1,1621.2,8071,0
2020-10-22,14:59:00,1624.1,1629.6,1628.5,1622.5,18114,0
2020-10-22,15:59:00,1628.6,1633.5,1633.3,1627.5,17772,0
2020-10-22,16:00:00,1633.3,1634.1,1633.5,1633,190,0
2020-10-22,17:59:00,1634.5,1636.1,1634.7,1633.7,879,0
2020-10-22,18:59:00,1634.7,1634.9,1632,1630.2,1088,0
2020-10-22,19:59:00,1632.2,1632.8,1631.8,1628.6,784,0
2020-10-22,20:58:00,1631.9,1631.9,1629.5,1627.7,211,0
2020-10-22,21:59:00,1630.2,1632.4,1631.4,1628,150,0
2020-10-22,22:58:00,1631.7,1633.9,1632.7,1631.7,354,0
2020-10-22,23:58:00,1633,1633.3,1633.3,1631.8,152,0
2020-10-23,00:59:00,1633.6,1633.8,1630.9,1630.7,423,0
2020-10-23,01:59:00,1630.6,1631.2,1627.9,1626.4,553,0
2020-10-23,02:59:00,1628,1637.5,1637.3,1627.6,1236,0
2020-10-23,03:59:00,1637.3,1640,1635.1,1634.9,1149,0
2020-10-23,04:58:00,1635,1639,1636.9,1634.6,676,0
2020-10-23,05:59:00,1636.4,1640.8,1640.1,1635.9,1260,0
2020-10-23,06:59:00,1640,1641,1639.7,1637.1,1312,0
2020-10-23,07:59:00,1639.8,1641.7,1639.6,1638.3,2220,0
2020-10-23,08:59:00,1639.5,1641.5,1633.9,1631.3,16178,0
2020-10-23,09:59:00,1634,1636.6,1632.6,1628.4,22888,0
2020-10-23,10:59:00,1632.5,1637,1630.6,1629.4,11164,0
2020-10-23,11:59:00,1630.7,1632.1,1624.1,1620.2,14035,0
2020-10-23,12:59:00,1624,1633.7,1633.7,1623,5520,0
2020-10-23,13:59:00,1633.7,1638.2,1635.5,1632.8,6876,0
2020-10-23,14:59:00,1635.4,1640,1638.4,1634.2,12244,0
2020-10-23,15:59:00,1638.4,1639.4,1637.4,1634.8,12868,0
2020-10-23,16:00:00,1637.4,1637.9,1637.9,1637.2,58,0
2020-10-25,17:59:00,1634.7,1634.7,1622,1617.8,2924,0
2020-10-25,18:59:00,1622.1,1626.8,1625.8,1621.9,602,0
2020-10-25,19:59:00,1625.9,1627.4,1625.5,1623.7,334,0
2020-10-25,20:59:00,1625.5,1627.5,1623.2,1621.4,535,0
2020-10-25,21:59:00,1623.2,1624,1621.9,1621.5,424,0
2020-10-25,22:59:00,1621.8,1622.9,1621.1,1619.7,555,0
2020-10-25,23:59:00,1621.2,1621.4,1620.4,1619.9,224,0
2020-10-26,00:59:00,1620.6,1623.2,1617.9,1617.9,394,0
2020-10-26,01:56:00,1618.3,1619.2,1618.3,1617.5,241,0
2020-10-26,02:59:00,1617.9,1618.7,1613.3,1611,1205,0
2020-10-26,03:59:00,1613.1,1618.2,1617.2,1610.9,2406,0
2020-10-26,04:59:00,1617,1618.5,1615,1613.2,832,0
2020-10-26,05:59:00,1614.9,1615.8,1615.4,1612.7,829,0
2020-10-26,06:59:00,1615.4,1618.5,1614.6,1613.6,1092,0
2020-10-26,07:59:00,1614.4,1616.6,1614.7,1611.9,2704,0
2020-10-26,08:59:00,1614.7,1621.3,1616.4,1608.3,16948,0
2020-10-26,09:59:00,1616.3,1618.1,1601.9,1601.7,21460,0
2020-10-26,10:59:00,1602,1602.9,1600.8,1594.3,21606,0
2020-10-26,11:59:00,1600.7,1601.7,1590.4,1589.6,11563,0
2020-10-26,12:59:00,1590.5,1592.8,1589.5,1580.9,20056,0
2020-10-26,13:59:00,1589.5,1602.2,1599,1589.4,12064,0
2020-10-26,14:59:00,1599.2,1602.5,1602.4,1593.7,19450,0
2020-10-26,15:59:00,1602.4,1604.1,1601.8,1599.7,16377,0
2020-10-26,16:00:00,1602,1602.1,1601.9,1601.7,26,0
2020-10-26,17:59:00,1601.1,1604,1602.9,1601.1,341,0
2020-10-26,18:59:00,1602.9,1604.9,1600.5,1600.5,383,0
2020-10-26,19:59:00,1600.5,1607.6,1606.9,1599.2,472,0
2020-10-26,20:59:00,1606.6,1607.4,1604.5,1603.8,486,0
2020-10-26,21:58:00,1605,1606.2,1604.8,1604,140,0
2020-10-26,22:57:00,1605.3,1605.6,1604.5,1603.6,217,0
2020-10-26,23:59:00,1605.2,1608.6,1608,1605.2,357,0
2020-10-27,00:59:00,1607.9,1608.6,1608,1607.1,315,0
2020-10-27,01:59:00,1608.4,1611.6,1609.8,1608.3,626,0
2020-10-27,02:59:00,1609.7,1610.3,1609.6,1606.9,596,0
2020-10-27,03:59:00,1609.6,1609.9,1603.4,1601.6,2006,0
2020-10-27,04:59:00,1603.5,1603.6,1599.6,1598,1848,0
2020-10-27,05:59:00,1599.6,1608.3,1607.3,1599.6,2314,0
2020-10-27,06:59:00,1607.3,1609.7,1607.6,1606.2,2662,0
2020-10-27,07:59:00,1607.5,1608.6,1601.6,1600.7,2591,0
2020-10-27,08:59:00,1601.7,1605.5,1605,1598.4,17978,0
2020-10-27,09:59:00,1605,1608.1,1597.7,1596.1,24467,0
2020-10-27,10:59:00,1597.6,1599.3,1596.7,1591.1,11556,0
2020-10-27,11:59:00,1596.8,1597.9,1592,1590.1,9756,0
2020-10-27,12:59:00,1592.1,1597.8,1596,1589.7,12917,0
2020-10-27,13:59:00,1596,1597.1,1589.5,1588,11688,0
2020-10-27,14:59:00,1589.5,1594.8,1589.6,1586.4,18972,0
2020-10-27,15:59:00,1589.6,1590.2,1578.4,1577.6,19209,0
2020-10-27,16:00:00,1578.4,1578.5,1577.2,1577.2,66,0
2020-10-27,17:59:00,1577.6,1579.4,1573.8,1572.4,1938,0
2020-10-27,18:59:00,1573.8,1577.6,1577.2,1573.3,1176,0
2020-10-27,19:59:00,1577.1,1577.5,1574.1,1574,475,0
2020-10-27,20:59:00,1574.3,1577.9,1575.1,1574.3,226,0
2020-10-27,21:59:00,1575,1575.2,1574.6,1572.3,698,0
2020-10-27,22:59:00,1574.7,1575.2,1574.4,1573.9,169,0
2020-10-27,23:59:00,1574.1,1574.4,1573.4,1572.5,312,0
2020-10-28,00:59:00,1573.5,1576.8,1576.4,1573.1,353,0
2020-10-28,01:59:00,1576.4,1577.2,1571.1,1571,585,0
2020-10-28,02:59:00,1571.8,1573.3,1567,1561.5,2306,0
2020-10-28,03:59:00,1567.2,1569.5,1561,1553.6,4014,0
2020-10-28,04:59:00,1561.1,1563.8,1559.6,1557.1,1716,0
2020-10-28,05:59:00,1559.7,1563.6,1558.9,1558.5,1655,0
2020-10-28,06:59:00,1558.9,1561.8,1559.7,1555.4,2028,0
2020-10-28,07:59:00,1559.5,1560.3,1553,1550,6596,0
2020-10-28,08:59:00,1552.9,1561.2,1550.6,1547.3,33753,0
2020-10-28,09:59:00,1550.5,1551.9,1544.2,1540,31943,0
2020-10-28,10:59:00,1544,1553.7,1552.6,1540.3,23488,0
2020-10-28,11:59:00,1552.6,1555.8,1544.8,1541.4,21347,0
2020-10-28,12:59:00,1544.8,1547.7,1546.5,1537.2,13682,0
2020-10-28,13:59:00,1546.5,1548.6,1546,1539.1,14011,0
2020-10-28,14:59:00,1546,1550.6,1539.4,1538,24636,0
2020-10-28,15:59:00,1539.3,1544.4,1542.7,1537.8,20646,0
2020-10-28,16:00:00,1542.8,1543.5,1543.4,1542.4,30,0
2020-10-28,17:59:00,1544.4,1546.3,1546,1543.1,914,0
2020-10-28,18:59:00,1546,1546.6,1546.1,1541,481,0
2020-10-28,19:59:00,1546.5,1552.9,1551.7,1544.8,723,0
2020-10-28,20:59:00,1551.2,1555.2,1552.7,1551,655,0
2020-10-28,21:59:00,1552.8,1553.2,1550.2,1549.7,473,0
2020-10-28,22:59:00,1550.5,1553.4,1552.5,1549.4,281,0
2020-10-28,23:58:00,1552.8,1554.6,1554.1,1552.6,172,0
2020-10-29,00:57:00,1554.2,1554.9,1554.3,1553,183,0
2020-10-29,01:59:00,1554.2,1559.2,1554.7,1553.8,493,0
2020-10-29,02:59:00,1555,1555.1,1549.1,1542.9,1883,0
2020-10-29,03:59:00,1549.4,1553.9,1544.1,1542.6,3300,0
2020-10-29,04:59:00,1544.1,1549.1,1544.4,1542.3,1132,0
2020-10-29,05:59:00,1544.5,1545,1543,1539.9,2037,0
2020-10-29,06:59:00,1542.9,1542.9,1529.5,1529.5,3856,0
2020-10-29,07:59:00,1529.7,1540.7,1536.9,1529,3693,0
2020-10-29,08:59:00,1537,1538.4,1537.4,1523,27509,0
2020-10-29,09:59:00,1537.4,1549.9,1545.2,1530.7,28232,0
2020-10-29,10:59:00,1545.3,1549.7,1543.3,1541.5,18262,0
2020-10-29,11:59:00,1543.2,1547.6,1542.9,1541.7,9276,0
2020-10-29,12:59:00,1542.9,1554.8,1554.7,1537.9,12351,0
2020-10-29,13:59:00,1554.6,1564,1557.8,1553.9,14472,0
2020-10-29,14:59:00,1557.9,1565,1560,1556.3,19592,0
2020-10-29,15:59:00,1560.1,1560.9,1545.7,1541.9,26538,0
2020-10-29,16:00:00,1545.8,1546.5,1545.3,1545.3,106,0
2020-10-29,17:59:00,1542.6,1547.7,1544.4,1541,1672,0
2020-10-29,18:59:00,1544.1,1550.7,1548.3,1544.1,647,0
2020-10-29,19:59:00,1548.5,1552.5,1546.8,1544.7,1253,0
2020-10-29,20:59:00,1546.7,1549.2,1548.8,1544.3,538,0
2020-10-29,21:59:00,1549,1549.3,1546.7,1546.4,332,0
2020-10-29,22:54:00,1546.5,1548.7,1548.7,1546.4,173,0
2020-10-29,23:59:00,1548.9,1550.2,1545.5,1545.1,233,0
2020-10-30,00:59:00,1545.4,1545.8,1532.5,1529.7,1363,0
2020-10-30,01:59:00,1532,1532,1528.4,1523.1,1508,0
2020-10-30,02:59:00,1528.1,1537.1,1533.5,1528.1,1369,0
2020-10-30,03:59:00,1533.8,1544.7,1540.2,1532.3,1869,0
2020-10-30,04:59:00,1539.9,1550.5,1548.1,1538,1698,0
2020-10-30,05:59:00,1548.1,1550.2,1549.7,1544.2,2287,0
2020-10-30,06:59:00,1550,1556.2,1548.7,1548,1886,0
2020-10-30,07:59:00,1548.8,1551.3,1550.2,1540.9,3601,0
2020-10-30,08:59:00,1550.1,1559.8,1550.6,1543.9,20314,0
2020-10-30,09:59:00,1550.4,1553.1,1528.4,1527.2,29212,0
2020-10-30,10:59:00,1528.3,1536.6,1532.4,1525.7,24431,0
2020-10-30,11:59:00,1532.8,1542.7,1535.2,1532.5,13775,0
2020-10-30,12:59:00,1535.1,1536.9,1534.2,1528.6,13055,0
2020-10-30,13:59:00,1534.1,1541,1530.6,1525.4,15573,0
2020-10-30,14:59:00,1530.7,1534.6,1534,1520.3,38613,0
2020-10-30,15:59:00,1533.9,1545.5,1543.5,1533.1,36281,0
2020-10-30,16:00:00,1543.6,1544.6,1544.5,1543.6,66,0
2020-11-01,17:59:00,1537,1540.2,1530.4,1526,1717,0
2020-11-01,18:59:00,1530.1,1533.4,1528.9,1527.5,950,0
2020-11-01,19:59:00,1528.9,1541,1539.4,1526.9,925,0
2020-11-01,20:59:00,1538.6,1542.8,1541.4,1536.2,485,0
2020-11-01,21:59:00,1541.1,1542.2,1539,1538.5,259,0
2020-11-01,22:59:00,1538.8,1540.2,1538.7,1536.7,255,0
2020-11-01,23:59:00,1537.4,1542.7,1541.8,1537.4,240,0
2020-11-02,00:59:00,1541.7,1542.5,1536.6,1534.8,237,0
2020-11-02,01:59:00,1536.3,1542.3,1541.9,1533.9,382,0
2020-11-02,02:59:00,1541.3,1544.2,1544.1,1535.1,929,0
2020-11-02,03:59:00,1544,1557.6,1554.3,1543.5,2373,0
2020-11-02,04:59:00,1554,1563.6,1563.1,1553.3,1330,0
2020-11-02,05:59:00,1563,1564.9,1560.4,1558.6,2821,0
2020-11-02,06:59:00,1560.1,1560.9,1555.9,1553.9,2092,0
2020-11-02,07:59:00,1556,1559.7,1555.4,1555.1,2253,0
2020-11-02,08:59:00,1555.6,1560.2,1558.3,1548.1,19007,0
2020-11-02,09:59:00,1558.4,1563.7,1555,1553.1,20281,0
2020-11-02,10:59:00,1555,1561.4,1559.3,1553.1,22913,0
2020-11-02,11:59:00,1559.3,1564.1,1553.7,1551.7,10292,0
2020-11-02,12:59:00,1553.8,1554.3,1544.5,1543.7,11298,0
2020-11-02,13:59:00,1544.5,1561.9,1558.6,1543.3,15374,0
2020-11-02,14:59:00,1558.7,1565.3,1562.6,1556.9,21857,0
2020-11-02,15:59:00,1562.6,1568.2,1564.8,1562.6,16627,0
2020-11-02,16:00:00,1564.7,1565.3,1564.9,1564.6,89,0
2020-11-02,17:59:00,1565.1,1571.9,1567.8,1564.4,1719,0
2020-11-02,18:59:00,1567.7,1570.6,1570,1564.9,1114,0
2020-11-02,19:59:00,1570,1574.3,1574.2,1567.7,849,0
2020-11-02,20:59:00,1574.2,1577.7,1577.5,1572.2,773,0
2020-11-02,21:58:00,1577.8,1578.6,1575.9,1574.7,952,0
2020-11-02,22:57:00,1576.1,1576.1,1573.2,1572.9,414,0
2020-11-02,23:59:00,1573.9,1576.7,1574.3,1573.5,209,0
2020-11-03,00:59:00,1574.1,1577.5,1576.3,1573.3,625,0
2020-11-03,01:59:00,1576.3,1578.7,1574.9,1574.2,778,0
2020-11-03,02:59:00,1575.2,1587.3,1585.6,1574.7,1609,0
2020-11-03,03:59:00,1585.5,1598.3,1594.6,1583.7,4662,0
2020-11-03,04:59:00,1594.8,1597.3,1591.1,1590.8,1995,0
2020-11-03,05:59:00,1591.4,1596.3,1596.1,1590.3,2569,0
2020-11-03,06:59:00,1596.3,1596.5,1593.1,1592.3,2445,0
2020-11-03,07:59:00,1593.2,1594,1589.9,1588.5,3768,0
2020-11-03,08:59:00,1589.9,1605.6,1605,1587.9,25814,0
2020-11-03,09:59:00,1605,1608.4,1597.9,1592.8,27609,0
2020-11-03,10:59:00,1598.1,1603.6,1600.6,1597.3,11657,0
2020-11-03,11:59:00,1600.7,1602.8,1597.2,1597.1,5715,0
2020-11-03,12:59:00,1597.2,1602.4,1598.4,1597.1,8007,0
2020-11-03,13:59:00,1598.3,1610.8,1609.6,1598.3,14764,0
2020-11-03,14:59:00,1609.5,1620.1,1612.3,1603.5,24125,0
2020-11-03,15:59:00,1612.3,1616.8,1615.7,1606.5,21561,0
2020-11-03,16:00:00,1615.7,1616.6,1616.6,1615.6,50,0
2020-11-03,17:59:00,1616,1639,1629,1611.9,5665,0
2020-11-03,18:59:00,1629.3,1640.4,1606.2,1603.8,5050,0
2020-11-03,19:59:00,1605.3,1617.8,1607.5,1600.6,5663,0
2020-11-03,20:59:00,1608.4,1608.4,1600.3,1570.4,11622,0
2020-11-03,21:59:00,1600.4,1631.8,1620.1,1599.7,6689,0
2020-11-03,22:59:00,1620.5,1627.1,1609.9,1599,3893,0
2020-11-03,23:59:00,1610.2,1618.9,1609.2,1603.7,3840,0
2020-11-04,00:59:00,1608.7,1609.8,1590.7,1588.3,2666,0
2020-11-04,01:59:00,1590.6,1595.1,1559.5,1546.9,8811,0
2020-11-04,02:59:00,1559.5,1580.7,1577.8,1555.7,7714,0
2020-11-04,03:59:00,1577.6,1591.5,1576,1572.8,3712,0
2020-11-04,04:59:00,1577.7,1584,1582,1570.3,3094,0
2020-11-04,05:59:00,1582.2,1599.3,1593.5,1581.4,4071,0
2020-11-04,06:59:00,1593.6,1612.4,1610.8,1588.6,4680,0
2020-11-04,07:59:00,1610.1,1618,1587.8,1587.5,14524,0
2020-11-04,08:59:00,1588.2,1605.2,1600.2,1575.5,45990,0
2020-11-04,09:59:00,1600.4,1623.6,1615.3,1598.2,37114,0
2020-11-04,10:59:00,1615.3,1626,1624.7,1609.7,17405,0
2020-11-04,11:59:00,1624.7,1630.7,1622.9,1621.7,16116,0
2020-11-04,12:59:00,1623.1,1623.1,1615.3,1611.9,12966,0
2020-11-04,13:59:00,1615.4,1618.8,1612.9,1607.7,15251,0
2020-11-04,14:59:00,1613,1615.6,1611.5,1602.7,26258,0
2020-11-04,15:59:00,1611.6,1618.6,1610.4,1608.8,13313,0
2020-11-04,16:00:00,1610.5,1611.5,1611.2,1610.2,36,0
2020-11-04,17:59:00,1617.4,1617.5,1608.7,1605.3,1037,0
2020-11-04,18:59:00,1608.3,1614.1,1611,1606,868,0
2020-11-04,19:59:00,1611.1,1613,1606.7,1605.6,1511,0
2020-11-04,20:59:00,1606.3,1607.4,1599.8,1597.9,2356,0
2020-11-04,21:59:00,1599.9,1611.5,1609.7,1599.3,1452,0
2020-11-04,22:59:00,1609.5,1616.5,1613.4,1609.3,862,0
2020-11-04,23:59:00,1613.2,1619.1,1615.9,1609.1,752,0
2020-11-05,00:59:00,1616.1,1617.1,1608.6,1608,638,0
2020-11-05,01:59:00,1608.5,1623.1,1620.2,1607.2,1900,0
2020-11-05,02:59:00,1620.2,1627.5,1619,1617.1,2211,0
2020-11-05,03:59:00,1619.5,1622.7,1620.4,1615.1,2268,0
2020-11-05,04:59:00,1620.4,1633.3,1632.8,1619.2,2972,0
2020-11-05,05:59:00,1632.7,1636.1,1630.7,1625.9,2454,0
2020-11-05,06:59:00,1630.2,1631.6,1631.2,1623.2,2280,0
2020-11-05,07:59:00,1631.5,1632.6,1626.5,1625.5,5803,0
2020-11-05,08:59:00,1626.6,1643.7,1640.6,1620.2,27163,0
2020-11-05,09:59:00,1640.7,1656.4,1655.8,1638.4,32910,0
2020-11-05,10:59:00,1655.8,1656.9,1655.3,1649.4,19061,0
2020-11-05,11:59:00,1655.3,1656.1,1656,1647.8,11681,0
2020-11-05,12:59:00,1656,1660.2,1659.3,1655.3,10995,0
2020-11-05,13:59:00,1659.4,1660.8,1659.4,1654,10819,0
2020-11-05,14:59:00,1659.6,1663.6,1658.8,1654.4,21536,0
2020-11-05,15:59:00,1658.8,1663.4,1661.9,1656.4,14377,0
2020-11-05,16:00:00,1661.9,1662,1661.4,1661.3,53,0
2020-11-05,17:59:00,1658.8,1661.2,1651.2,1644.5,3541,0
2020-11-05,18:59:00,1650.9,1652.6,1645.4,1643.9,3195,0
2020-11-05,19:59:00,1645.2,1657.7,1653.4,1644.5,4021,0
2020-11-05,20:59:00,1653.2,1653.8,1651.6,1648.3,1741,0
2020-11-05,21:59:00,1651.5,1653.2,1650.3,1647.3,1783,0
2020-11-05,22:59:00,1650.4,1652,1647,1646,1562,0
2020-11-05,23:59:00,1646.9,1649.6,1648.8,1645.7,1180,0
2020-11-06,00:59:00,1648.6,1650.7,1649.6,1646.3,1049,0
2020-11-06,01:59:00,1649.3,1654.1,1652.2,1646.9,1588,0
2020-11-06,02:59:00,1652.3,1658.8,1647.6,1647.6,3142,0
2020-11-06,03:59:00,1647.4,1649.3,1640.7,1639.5,4335,0
2020-11-06,04:59:00,1640.5,1651,1648.9,1637.2,3191,0
2020-11-06,05:59:00,1649.1,1652.4,1649.7,1647,1722,0
2020-11-06,06:59:00,1649.6,1652.7,1643.9,1642.4,1540,0
2020-11-06,07:59:00,1643.6,1662.2,1661.3,1640.1,5949,0
2020-11-06,08:59:00,1661.3,1669,1653,1648.5,26806,0
2020-11-06,09:59:00,1652.8,1661.5,1653.9,1650.6,16484,0
2020-11-06,10:59:00,1653.8,1659,1646.8,1646.3,14986,0
2020-11-06,11:59:00,1646.8,1649.7,1644.8,1643.9,11265,0
2020-11-06,12:59:00,1644.7,1650.9,1648.5,1644.5,7072,0
2020-11-06,13:59:00,1648.5,1649.7,1643.9,1642.9,7359,0
2020-11-06,14:59:00,1643.8,1648.3,1643.1,1640.6,18879,0
2020-11-06,15:59:00,1643,1648.9,1648.3,1641.8,12562,0
2020-11-06,16:00:00,1648.1,1648.9,1648.9,1647.8,44,0
2020-11-08,17:59:00,1651.8,1662.2,1658.3,1648.3,2360,0
2020-11-08,18:59:00,1658.1,1662.8,1661.3,1656.2,923,0
2020-11-08,19:59:00,1661.2,1664.9,1660.6,1658.8,1765,0
2020-11-08,20:59:00,1660.6,1662.9,1662.4,1660.2,852,0
2020-11-08,21:59:00,1662.5,1665.5,1664.2,1661.4,687,0
2020-11-08,22:59:00,1664.5,1665.6,1663.8,1662.7,1024,0
2020-11-08,23:59:00,1663.8,1665.3,1661.3,1660.8,860,0
2020-11-09,00:59:00,1661.6,1662.7,1661,1659.6,1105,0
2020-11-09,01:59:00,1661.1,1664.6,1658,1657.8,1918,0
2020-11-09,02:59:00,1657.9,1663.5,1661.2,1656.3,3303,0
2020-11-09,03:59:00,1661,1666.6,1664,1659.7,3071,0
2020-11-09,04:59:00,1664.3,1667.1,1665.4,1662.6,1301,0
2020-11-09,05:59:00,1665.6,1758.1,1758,1661.5,14858,0
2020-11-09,06:59:00,1757.2,1758.1,1758.1,1748.7,4278,0
2020-11-09,07:55:00,1758.1,1758.1,1758.1,1758.1,543,0
2020-11-09,08:59:00,1758.1,1815.3,1740.1,1737.1,46002,0
2020-11-09,09:59:00,1739.8,1747.6,1737.7,1727.9,47511,0
2020-11-09,10:59:00,1737.7,1740.5,1721.8,1721.2,29852,0
2020-11-09,11:59:00,1721.8,1741.6,1740.6,1721.1,23628,0
2020-11-09,12:59:00,1740.6,1745.9,1739.8,1736.4,13242,0
2020-11-09,13:59:00,1739.9,1740.3,1731.9,1729.7,12630,0
2020-11-09,14:59:00,1731.7,1736.7,1705.2,1704.2,32236,0
2020-11-09,15:59:00,1705.3,1710,1706,1701.3,22457,0
2020-11-09,16:00:00,1705.9,1707.3,1707.1,1705.9,31,0
2020-11-09,17:59:00,1706.4,1714.5,1707.2,1705.9,1976,0
2020-11-09,18:59:00,1707.4,1711.2,1702.7,1697.6,2950,0
2020-11-09,19:59:00,1702.3,1707.8,1705.8,1701.3,1995,0
2020-11-09,20:59:00,1705.5,1709.5,1697.6,1697.2,2715,0
2020-11-09,21:59:00,1697.6,1700.7,1698,1693.1,3045,0
2020-11-09,22:59:00,1698.1,1698.7,1694.4,1693.2,1942,0
2020-11-09,23:59:00,1694.7,1704.9,1700,1694.5,2010,0
2020-11-10,00:59:00,1700.1,1711.4,1709.4,1699.8,2168,0
2020-11-10,01:59:00,1709.7,1728.4,1717.6,1709.3,4591,0
2020-11-10,02:59:00,1717.5,1727.6,1722.2,1716.1,3782,0
2020-11-10,03:59:00,1722.4,1742.4,1740.4,1722.1,4437,0
2020-11-10,04:59:00,1740.6,1743.8,1736.4,1732,3703,0
2020-11-10,05:59:00,1736.2,1750,1734.3,1731.4,4118,0
2020-11-10,06:59:00,1734.2,1739.3,1727.8,1726.8,2754,0
2020-11-10,07:59:00,1727.4,1736.7,1730.2,1726.5,4476,0
2020-11-10,08:59:00,1730.4,1731.1,1721.3,1709,28210,0
2020-11-10,09:59:00,1721.6,1725.6,1714.8,1706.2,26359,0
2020-11-10,10:59:00,1714.7,1729.6,1728.1,1712.1,19137,0
2020-11-10,11:59:00,1728.2,1738.6,1735.8,1726.5,14981,0
2020-11-10,12:59:00,1735.9,1737.5,1733.2,1725.9,11299,0
2020-11-10,13:59:00,1733.3,1741,1739.5,1730.1,15781,0
2020-11-10,14:59:00,1739.5,1742.2,1732.4,1730,21279,0
2020-11-10,15:59:00,1732.2,1737.6,1735.3,1731,15493,0
2020-11-10,16:00:00,1735.3,1736.7,1735.7,1735.2,122,0
2020-11-10,17:59:00,1735.8,1739.2,1731.7,1730.3,1323,0
2020-11-10,18:59:00,1731.7,1733.2,1728.2,1727.7,1013,0
2020-11-10,19:59:00,1728.6,1732,1731.3,1725.5,1191,0
2020-11-10,20:59:00,1731.3,1737.5,1734.3,1730.2,656,0
2020-11-10,21:59:00,1734.3,1737.5,1734.3,1731.5,494,0
2020-11-10,22:58:00,1734.3,1734.6,1732.7,1730,443,0
2020-11-10,23:59:00,1732.4,1734.6,1732.6,1730.4,364,0
2020-11-11,00:58:00,1733,1741.2,1738.7,1733,663,0
2020-11-11,01:59:00,1738.4,1746,1741.9,1737.7,2172,0
2020-11-11,02:59:00,1741.6,1745.5,1742.4,1733.1,3024,0
2020-11-11,03:59:00,1742.8,1746,1744.8,1740,2411,0
2020-11-11,04:59:00,1744.5,1746.9,1742.9,1742.7,2447,0
2020-11-11,05:59:00,1742.7,1745.8,1745.6,1739.6,2268,0
2020-11-11,06:59:00,1745.6,1747.8,1744.5,1741.1,2184,0
2020-11-11,07:59:00,1744.3,1746.6,1742.2,1739.4,3040,0
2020-11-11,08:59:00,1742.2,1745.2,1721.3,1720.5,18981,0
2020-11-11,09:59:00,1721.5,1724.7,1722.3,1717.1,21872,0
2020-11-11,10:59:00,1722.4,1734.5,1731.5,1721.8,14886,0
2020-11-11,11:59:00,1731.5,1732.6,1730.9,1727.6,5760,0
2020-11-11,12:59:00,1731,1732.8,1728.9,1728.2,6248,0
2020-11-11,13:59:00,1729,1730.9,1725.4,1721.3,8209,0
2020-11-11,14:59:00,1725.2,1734.3,1733.7,1720.7,14653,0
2020-11-11,15:59:00,1733.8,1740,1738.6,1733.4,14878,0
2020-11-11,16:00:00,1738.5,1738.6,1737.9,1737,177,0
2020-11-11,17:59:00,1739.4,1739.4,1732.2,1732.1,1407,0
2020-11-11,18:59:00,1732.2,1735,1732.1,1731.2,995,0
2020-11-11,19:58:00,1732.1,1733.1,1731.2,1729.5,988,0
2020-11-11,20:59:00,1731.3,1732.2,1727.5,1726.2,702,0
2020-11-11,21:59:00,1727.6,1730.3,1721,1719.4,1662,0
2020-11-11,22:59:00,1721,1723.2,1718.7,1717.3,718,0
2020-11-11,23:59:00,1718.5,1723.9,1723,1718.2,1152,0
2020-11-12,00:58:00,1723.3,1724.9,1720.5,1718.9,899,0
2020-11-12,01:59:00,1720.3,1724.2,1717.9,1716.5,1183,0
2020-11-12,02:59:00,1717.3,1728,1721.1,1717.2,1301,0
2020-11-12,03:59:00,1721.3,1728.9,1728.8,1720.9,1516,0
2020-11-12,04:59:00,1728.8,1734.7,1731.7,1726.3,2161,0
2020-11-12,05:59:00,1731.7,1734.4,1731.1,1729.5,1021,0
2020-11-12,06:59:00,1731.3,1731.5,1717.3,1717.1,2995,0
2020-11-12,07:59:00,1717.4,1723.1,1723.1,1714.6,5454,0
2020-11-12,08:59:00,1723,1726.2,1717.1,1712,21349,0
2020-11-12,09:59:00,1717.1,1727.8,1724.9,1715.8,19608,0
2020-11-12,10:59:00,1724.9,1728.5,1720.8,1718.9,14571,0
2020-11-12,11:59:00,1720.9,1723.4,1705.8,1703.7,19396,0
2020-11-12,12:59:00,1705.9,1710,1710,1691.4,24274,0
2020-11-12,13:59:00,1710,1712.2,1699.2,1696.8,16042,0
2020-11-12,14:59:00,1699.3,1707.4,1707.3,1691.6,21214,0
2020-11-12,15:59:00,1707.4,1712.2,1707.3,1705.3,14582,0
2020-11-12,16:00:00,1707.4,1707.9,1707.3,1706.8,47,0
2020-11-12,17:59:00,1707.3,1708,1704,1703.5,786,0
2020-11-12,18:59:00,1704.5,1706.7,1699.9,1699.2,545,0
2020-11-12,19:59:00,1699.5,1702,1695,1693.9,1239,0
2020-11-12,20:59:00,1694.9,1701.1,1699.7,1693.2,763,0
2020-11-12,21:59:00,1700.1,1701.8,1700,1697.5,298,0
2020-11-12,22:59:00,1699.8,1705.8,1703.9,1699.3,344,0
2020-11-12,23:59:00,1704,1705.1,1704.3,1702.5,139,0
2020-11-13,00:59:00,1704.5,1709.8,1707.5,1703.7,481,0
2020-11-13,01:59:00,1707.4,1710.5,1710.5,1702.6,631,0
2020-11-13,02:59:00,1710.1,1720.5,1716.3,1708.4,1852,0
2020-11-13,03:59:00,1716.8,1725.1,1724.9,1716.8,2046,0
2020-11-13,04:59:00,1724.8,1728.3,1726.5,1723.2,2023,0
2020-11-13,05:59:00,1726.5,1727.9,1724.7,1722.7,1750,0
2020-11-13,06:59:00,1724.7,1726.3,1718.6,1718.1,2119,0
2020-11-13,07:59:00,1718.7,1725.1,1722.3,1717.5,3095,0
2020-11-13,08:59:00,1722.1,1738.9,1737,1719.2,16631,0
2020-11-13,09:59:00,1736.9,1741.1,1727,1726.8,21190,0
2020-11-13,10:59:00,1727,1737.1,1730.7,1727,16954,0
2020-11-13,11:59:00,1730.8,1734.3,1732.5,1726.9,12809,0
2020-11-13,12:59:00,1732.4,1733.7,1732,1726.7,14711,0
2020-11-13,13:59:00,1732.2,1747,1746.8,1731.1,16331,0
2020-11-13,14:59:00,1746.9,1750,1744,1741.2,29364,0
2020-11-13,15:59:00,1744,1745.9,1744.7,1742,14301,0
2020-11-13,16:00:00,1744.7,1744.8,1744.4,1744.2,36,0
2020-11-15,17:59:00,1747,1759.2,1756.9,1745.1,2709,0
2020-11-15,18:59:00,1756.8,1757.3,1756.1,1752.9,952,0
2020-11-15,19:59:00,1756.4,1761.1,1758.6,1755,967,0
2020-11-15,20:59:00,1758.8,1763.7,1759.6,1758.1,968,0
2020-11-15,21:59:00,1759.6,1762.8,1762.3,1759.2,533,0
2020-11-15,22:59:00,1762.3,1764.6,1764.4,1761.3,596,0
2020-11-15,23:59:00,1764.5,1768,1767.4,1763.1,1039,0
2020-11-16,00:59:00,1767.7,1769.2,1766.5,1765.3,878,0
2020-11-16,01:59:00,1766.9,1767.9,1765.8,1764.3,1087,0
2020-11-16,02:59:00,1766,1766.2,1759.1,1757.4,2954,0
2020-11-16,03:59:00,1759.1,1765.6,1765.2,1758.9,1737,0
2020-11-16,04:59:00,1765.3,1767.9,1762.8,1762.3,1875,0
2020-11-16,05:59:00,1762.5,1792.1,1786.1,1761.9,5291,0
2020-11-16,06:59:00,1785.8,1793.6,1785.3,1775.1,11084,0
2020-11-16,07:59:00,1785.2,1785.3,1776.3,1773.2,5717,0
2020-11-16,08:59:00,1776.3,1783.4,1768,1762.4,29220,0
2020-11-16,09:59:00,1768,1784.4,1781.8,1767.2,25584,0
2020-11-16,10:59:00,1781.9,1786.4,1784.2,1778.7,13494,0
2020-11-16,11:59:00,1784.1,1785.1,1779.1,1776.3,8818,0
2020-11-16,12:59:00,1779,1779,1768.2,1765.9,14169,0
2020-11-16,13:59:00,1768.4,1776.1,1774.2,1765.2,12143,0
2020-11-16,14:59:00,1774.3,1782.5,1782.4,1771.1,22061,0
2020-11-16,15:59:00,1782.3,1788.9,1785.7,1782.3,15916,0
2020-11-16,16:00:00,1785.6,1785.9,1785.4,1785.4,65,0
2020-11-16,17:59:00,1784,1786.4,1784.4,1783.4,850,0
2020-11-16,18:59:00,1784.3,1784.3,1781.4,1780.4,721,0
2020-11-16,19:59:00,1781.4,1783.3,1775.7,1775.3,727,0
2020-11-16,20:59:00,1775.7,1780.4,1778.5,1775.7,459,0
2020-11-16,21:59:00,1778.5,1780.7,1779.7,1778.2,599,0
2020-11-16,22:59:00,1779.7,1779.8,1777.2,1776.1,411,0
2020-11-16,23:59:00,1777.3,1777.8,1775.9,1775.4,259,0
2020-11-17,00:59:00,1775.7,1780.4,1779.1,1775,316,0
2020-11-17,01:59:00,1779,1780.5,1778.6,1776.1,405,0
2020-11-17,02:59:00,1778.7,1783,1779.3,1777.2,1485,0
2020-11-17,03:59:00,1779.4,1780.6,1776.3,1774.9,1435,0
2020-11-17,04:59:00,1776.2,1776.2,1775.1,1772.7,1880,0
2020-11-17,05:59:00,1775.1,1775.3,1772.6,1769.3,2362,0
2020-11-17,06:59:00,1772.7,1773.6,1769.5,1766,3246,0
2020-11-17,07:59:00,1769.4,1771.4,1765.7,1760.5,4865,0
2020-11-17,08:59:00,1765.7,1771.7,1753.4,1752,24056,0
2020-11-17,09:59:00,1753.3,1765.8,1764.3,1751.2,25690,0
2020-11-17,10:59:00,1764.3,1777.3,1775.3,1762.1,14611,0
2020-11-17,11:59:00,1775.4,1786.4,1784.2,1773.9,13853,0
2020-11-17,12:59:00,1784.3,1788.8,1786.3,1782.8,8275,0
2020-11-17,13:59:00,1786.4,1796.9,1794.5,1786.1,13712,0
2020-11-17,14:59:00,1794.6,1794.8,1789.9,1784.8,21500,0
2020-11-17,15:59:00,1789.9,1794.4,1787.9,1787.7,18858,0
2020-11-17,16:00:00,1787.9,1787.9,1787.8,1787.5,65,0
2020-11-17,17:58:00,1788.1,1794.1,1791.3,1786.2,1067,0
2020-11-17,18:59:00,1791.3,1792.3,1786.3,1784,740,0
2020-11-17,19:59:00,1786.1,1788.8,1785.2,1783.6,408,0
2020-11-17,20:59:00,1785.2,1788.6,1788.2,1784.6,646,0
2020-11-17,21:59:00,1788.2,1790.4,1789.5,1787.2,296,0
2020-11-17,22:59:00,1789.9,1790,1785.9,1785.6,576,0
2020-11-17,23:59:00,1785.9,1788.1,1783,1781.2,517,0
2020-11-18,00:59:00,1783.5,1784.5,1780.9,1778.4,741,0
2020-11-18,01:59:00,1780.9,1787.7,1785.4,1780.7,618,0
2020-11-18,02:59:00,1785.2,1792.3,1786.3,1782.5,1949,0
2020-11-18,03:59:00,1786.3,1794.7,1793.2,1782.7,2573,0
2020-11-18,04:59:00,1793.3,1800.8,1799.3,1793.3,2323,0
2020-11-18,05:59:00,1799.2,1807.4,1798.9,1795.9,4346,0
2020-11-18,06:59:00,1798.8,1806.9,1803.8,1798.1,3861,0
2020-11-18,07:59:00,1803.3,1804.3,1797.5,1793.3,4687,0
2020-11-18,08:59:00,1797.5,1804.6,1795,1792.6,21225,0
2020-11-18,09:59:00,1795.1,1800.1,1796.1,1793.4,16235,0
2020-11-18,10:59:00,1796,1806.4,1803.4,1796,12435,0
2020-11-18,11:59:00,1803.4,1805.8,1803.4,1800.3,8167,0
2020-11-18,12:59:00,1803.6,1806.2,1793.8,1790.9,10802,0
2020-11-18,13:59:00,1793.8,1799.6,1791.8,1786.6,18191,0
2020-11-18,14:59:00,1791.9,1792.1,1769,1768.4,28398,0
2020-11-18,15:59:00,1769,1771.5,1765.1,1762.7,15349,0
2020-11-18,16:00:00,1765.1,1766.4,1766.4,1765,73,0
2020-11-18,17:59:00,1765.4,1770.9,1768.4,1765.4,1533,0
2020-11-18,18:59:00,1768.5,1768.5,1762.5,1760.8,1296,0
2020-11-18,19:59:00,1762.3,1768.9,1767.3,1762,763,0
2020-11-18,20:59:00,1766.9,1768.1,1763.8,1763.6,474,0
2020-11-18,21:58:00,1763.7,1766.9,1765.3,1761.6,471,0
2020-11-18,22:59:00,1765.5,1766.7,1766,1764,221,0
2020-11-18,23:59:00,1766.1,1772,1770.8,1765.2,648,0
2020-11-19,00:59:00,1770.8,1774.5,1774.2,1769.6,600,0
2020-11-19,01:59:00,1774.2,1776,1772.2,1772.2,636,0
2020-11-19,02:59:00,1771.8,1772,1758.8,1756.9,2832,0
2020-11-19,03:59:00,1758.7,1763.9,1759,1755,1932,0
2020-11-19,04:59:00,1758.8,1761.9,1760.3,1753.8,1372,0
2020-11-19,05:59:00,1760.4,1763.9,1762.2,1756.2,1336,0
2020-11-19,06:59:00,1762.4,1766,1764.5,1762.1,1823,0
2020-11-19,07:59:00,1764.5,1768.7,1767.6,1761,3856,0
2020-11-19,08:59:00,1767.7,1776.1,1774.1,1759,21164,0
2020-11-19,09:59:00,1774.2,1776.7,1770.5,1765,22247,0
2020-11-19,10:59:00,1770.6,1772.1,1767.2,1764.3,13118,0
2020-11-19,11:59:00,1767.2,1768.9,1765.5,1761.9,12872,0
2020-11-19,12:59:00,1765.8,1772.8,1770.5,1765.3,9447,0
2020-11-19,13:59:00,1770.7,1782.2,1777,1769.8,9839,0
2020-11-19,14:59:00,1777,1783.6,1782.3,1774.6,20640,0
2020-11-19,15:59:00,1782.3,1784.5,1769.9,1769.8,16975,0
2020-11-19,16:00:00,1769.9,1770,1768.2,1767.9,199,0
2020-11-19,17:59:00,1770,1770,1762,1757.3,4825,0
2020-11-19,18:59:00,1761.9,1768.2,1765.1,1761,1160,0
2020-11-19,19:59:00,1765.1,1769.4,1766.3,1764.2,930,0
2020-11-19,20:59:00,1766.1,1766.5,1766.4,1763,575,0
2020-11-19,21:59:00,1766.2,1769.3,1763.7,1762.8,637,0
2020-11-19,22:59:00,1763.8,1770.6,1769.2,1762.9,588,0
2020-11-19,23:58:00,1769,1769.9,1767.8,1766.9,221,0
2020-11-20,00:59:00,1768.1,1768.7,1767.2,1765.2,281,0
2020-11-20,01:59:00,1767.2,1769.5,1767.8,1765.6,491,0
2020-11-20,02:59:00,1767.8,1773,1771.7,1765.6,1561,0
2020-11-20,03:59:00,1771.9,1779.9,1775.5,1770.7,1748,0
2020-11-20,04:59:00,1775.8,1781.5,1779.5,1774.9,1062,0
2020-11-20,05:59:00,1779.6,1782,1780.9,1778.3,801,0
2020-11-20,06:59:00,1780.9,1782,1778.1,1777.6,1153,0
2020-11-20,07:59:00,1777.9,1780.3,1776.8,1776.4,3930,0
2020-11-20,08:59:00,1776.7,1780,1769.5,1766.7,20282,0
2020-11-20,09:59:00,1769.5,1777.9,1774.5,1769.5,15093,0
2020-11-20,10:59:00,1774.4,1782.6,1782.5,1772.6,13134,0
2020-11-20,11:59:00,1782.6,1783.8,1780.8,1778.3,7017,0
2020-11-20,12:59:00,1780.8,1784.3,1783.2,1779.6,6752,0
2020-11-20,13:59:00,1783.4,1786.4,1782,1779.8,6688,0
2020-11-20,14:59:00,1782.1,1788.1,1784.4,1776.9,17858,0
2020-11-20,15:59:00,1784.3,1784.7,1782.2,1778,18056,0
2020-11-20,16:00:00,1782.1,1782.7,1782.1,1782.1,20,0
2020-11-22,17:59:00,1778.5,1786.3,1785.9,1776.6,1491,0
2020-11-22,18:59:00,1785.8,1791.7,1791.5,1785.3,579,0
2020-11-22,19:59:00,1791.3,1792.4,1790,1788.8,710,0
2020-11-22,20:58:00,1790.3,1792.2,1791.4,1789.4,254,0
2020-11-22,21:58:00,1791.8,1793.2,1792.2,1791.1,145,0
2020-11-22,22:59:00,1792.2,1792.5,1791.2,1790.2,154,0
2020-11-22,23:59:00,1790.9,1791.3,1791.3,1789.5,131,0
2020-11-23,00:59:00,1791,1793,1792.3,1790.2,180,0
2020-11-23,01:59:00,1792.2,1800.9,1797.7,1792.2,1449,0
2020-11-23,02:59:00,1797.8,1805.9,1801.9,1795.8,2002,0
2020-11-23,03:59:00,1802.6,1803.9,1800.1,1797.2,1230,0
2020-11-23,04:59:00,1800.2,1801.9,1801.4,1799.3,358,0
2020-11-23,05:59:00,1801.3,1801.6,1798.9,1797.7,709,0
2020-11-23,06:59:00,1798.8,1801.8,1800.2,1794.5,1708,0
2020-11-23,07:59:00,1800.5,1802.4,1798.4,1791.1,3438,0
2020-11-23,08:59:00,1798.6,1808.9,1803.1,1796.9,17456,0
2020-11-23,09:59:00,1803,1811.8,1811.3,1795.9,20071,0
2020-11-23,10:59:00,1811.3,1815.2,1814.4,1805.9,17004,0
2020-11-23,11:59:00,1814.4,1816.5,1816.1,1810.2,9897,0
2020-11-23,12:59:00,1816,1819.8,1819.4,1814.6,8600,0
2020-11-23,13:59:00,1819.5,1824.8,1824.3,1816.1,12590,0
2020-11-23,14:59:00,1824.2,1828.8,1817.4,1815.8,22269,0
2020-11-23,15:59:00,1817.4,1820.5,1819.9,1815.9,11184,0
2020-11-23,16:00:00,1819.8,1820.5,1820.1,1819.5,80,0
2020-11-23,17:59:00,1820.1,1834.6,1828.8,1819.8,3074,0
2020-11-23,18:59:00,1828.7,1832.3,1832.2,1827.3,1245,0
2020-11-23,19:57:00,1832.2,1834.8,1830.6,1829,812,0
2020-11-23,20:59:00,1830.8,1835.5,1834.8,1829.9,707,0
2020-11-23,21:59:00,1834.8,1838.5,1838.3,1833.2,606,0
2020-11-23,22:59:00,1838.4,1840.3,1838.9,1837.5,655,0
2020-11-23,23:58:00,1839.2,1840.4,1837,1835.4,550,0
2020-11-24,00:59:00,1836.8,1840,1838.2,1836.4,607,0
2020-11-24,01:59:00,1838.2,1839.8,1836.3,1835.3,705,0
2020-11-24,02:59:00,1836.3,1839.7,1838.8,1833.9,2598,0
2020-11-24,03:59:00,1839,1841.3,1840.1,1837.3,2116,0
2020-11-24,04:59:00,1840.1,1845.1,1844.6,1839.2,1737,0
2020-11-24,05:59:00,1844.9,1847.6,1843.3,1842.3,2053,0
2020-11-24,06:59:00,1843.3,1843.5,1841.9,1837.7,2943,0
2020-11-24,07:59:00,1841.8,1844.5,1840.4,1840.3,3871,0
2020-11-24,08:59:00,1840.3,1844,1843.2,1832.5,21903,0
2020-11-24,09:59:00,1843.1,1850,1847.7,1841.4,20912,0
2020-11-24,10:59:00,1847.7,1860.7,1857.2,1846.6,18812,0
2020-11-24,11:59:00,1857.2,1858.8,1857.7,1854.4,12866,0
2020-11-24,12:59:00,1857.6,1863.5,1852,1850.7,16668,0
2020-11-24,13:59:00,1852.1,1853.9,1852.5,1845.5,11433,0
2020-11-24,14:59:00,1852.5,1856.5,1852.1,1848.2,23123,0
2020-11-24,15:59:00,1852,1856.3,1854.2,1850,14568,0
2020-11-24,16:00:00,1854.2,1854.2,1853.9,1853.7,18,0
2020-11-24,17:59:00,1853.3,1856.1,1855.4,1851.4,837,0
2020-11-24,18:59:00,1855.5,1862.4,1859.7,1853.6,1629,0
2020-11-24,19:59:00,1859.4,1863.6,1859.6,1858.5,833,0
2020-11-24,20:59:00,1859.3,1860.8,1857.1,1856.3,477,0
2020-11-24,21:59:00,1857.7,1859.2,1854.8,1851.7,449,0
2020-11-24,22:59:00,1854.7,1856.7,1855.5,1853.4,539,0
2020-11-24,23:59:00,1855.4,1856.2,1851.1,1850.7,1087,0
2020-11-25,00:59:00,1851,1854.3,1852.9,1850.8,363,0
2020-11-25,01:59:00,1852.7,1856.8,1856.4,1852.5,382,0
2020-11-25,02:59:00,1856.4,1859,1852,1850.6,1122,0
2020-11-25,03:59:00,1852.2,1853.7,1848.6,1845.4,1906,0
2020-11-25,04:59:00,1848,1850.1,1843.7,1843,2195,0
2020-11-25,05:59:00,1844,1847.8,1845.1,1843.2,1578,0
2020-11-25,06:59:00,1844.9,1849.7,1845.4,1844.4,1750,0
2020-11-25,07:59:00,1845.6,1848.6,1847.8,1844.1,2644,0
2020-11-25,08:59:00,1847.8,1849.2,1832.3,1831.1,21167,0
2020-11-25,09:59:00,1832.2,1838.7,1833.4,1828.1,22148,0
2020-11-25,10:59:00,1833.3,1845.4,1845.2,1833.2,12637,0
2020-11-25,11:59:00,1845.3,1847.8,1843.8,1841.7,8894,0
2020-11-25,12:59:00,1843.9,1849.2,1847.6,1843.9,7097,0
2020-11-25,13:59:00,1847.6,1848.6,1848.4,1841.5,9516,0
2020-11-25,14:32:00,1848.4,1849.7,1845.3,1844.7,5800,0
